Vertex Count: 972

Data:

3.248 -0.15 -0.5688 0 1 0 -1 0
3.248 -0.15 0.5688 0 1 0 -1 0
3.203 -0.15 0.9065 0 1 0 -1 0
3.2971 -0.15 0.9455 0 1 0 -1 0
3.203 -0.15 0.9065 0 1 0 -1 0
3.248 -0.15 0.5688 0 1 0 -1 0
3.2531 -0.15 0.6076 0 1 0 -1 0
3.2971 -0.15 0.9455 0 1 0 -1 0
3.248 -0.15 0.5688 0 1 0 -1 0
3.2681 -0.15 0.6438 0 1 0 -1 0
3.2971 -0.15 0.9455 0 1 0 -1 0
3.2531 -0.15 0.6076 0 1 0 -1 0
3.292 -0.15 0.6748 0 1 0 -1 0
3.2971 -0.15 0.9455 0 1 0 -1 0
3.2681 -0.15 0.6438 0 1 0 -1 0
3.323 -0.15 0.6987 0 1 0 -1 0
3.2971 -0.15 0.9455 0 1 0 -1 0
3.292 -0.15 0.6748 0 1 0 -1 0
3.398 -0.15 0.9588 0 1 0 -1 0
3.2971 -0.15 0.9455 0 1 0 -1 0
3.323 -0.15 0.6987 0 1 0 -1 0
3.3592 -0.15 0.7136 0 1 0 -1 0
3.398 -0.15 0.9588 0 1 0 -1 0
3.323 -0.15 0.6987 0 1 0 -1 0
3.398 -0.15 0.7188 0 1 0 -1 0
3.398 -0.15 0.9588 0 1 0 -1 0
3.3592 -0.15 0.7136 0 1 0 -1 0
3.9955 -0.15 0.9588 0 1 0 -1 0
3.398 -0.15 0.9588 0 1 0 -1 0
3.398 -0.15 0.7188 0 1 0 -1 0
3.9055 -0.15 0.7188 0 1 0 -1 0
3.9955 -0.15 0.9588 0 1 0 -1 0
3.398 -0.15 0.7188 0 1 0 -1 0
3.9055 -0.15 0 0 1 0 -1 0
3.9955 -0.15 0.9588 0 1 0 -1 0
3.9055 -0.15 0.7188 0 1 0 -1 0
3.9055 -0.15 -0.7188 0 1 0 -1 0
3.9955 -0.15 0.9588 0 1 0 -1 0
3.9055 -0.15 0 0 1 0 -1 0
3.008 -0.15 0.5688 0 1 0 -1 0
3.008 -0.15 0.1502 0 1 0 -1 0
3.0213 -0.15 0.6697 0 1 0 -1 0
3.008 -0.15 -0.1498 0 1 0 -1 0
3.0213 -0.15 0.6697 0 1 0 -1 0
3.008 -0.15 0.1502 0 1 0 -1 0
3.0213 -0.15 -0.6697 0 1 0 -1 0
3.0213 -0.15 0.6697 0 1 0 -1 0
3.008 -0.15 -0.1498 0 1 0 -1 0
3.0603 -0.15 -0.7638 0 1 0 -1 0
3.0213 -0.15 0.6697 0 1 0 -1 0
3.0213 -0.15 -0.6697 0 1 0 -1 0
3.0603 -0.15 0.7638 0 1 0 -1 0
3.0213 -0.15 0.6697 0 1 0 -1 0
3.0603 -0.15 -0.7638 0 1 0 -1 0
3.1223 -0.15 0.8445 0 1 0 -1 0
3.0603 -0.15 0.7638 0 1 0 -1 0
3.0603 -0.15 -0.7638 0 1 0 -1 0
3.1223 -0.15 -0.8445 0 1 0 -1 0
3.1223 -0.15 0.8445 0 1 0 -1 0
3.0603 -0.15 -0.7638 0 1 0 -1 0
3.203 -0.15 -0.9065 0 1 0 -1 0
3.1223 -0.15 0.8445 0 1 0 -1 0
3.1223 -0.15 -0.8445 0 1 0 -1 0
3.203 -0.15 0.9065 0 1 0 -1 0
3.1223 -0.15 0.8445 0 1 0 -1 0
3.203 -0.15 -0.9065 0 1 0 -1 0
3.248 -0.15 -0.5688 0 1 0 -1 0
3.203 -0.15 0.9065 0 1 0 -1 0
3.203 -0.15 -0.9065 0 1 0 -1 0
3.2971 -0.15 -0.9455 0 1 0 -1 0
3.248 -0.15 -0.5688 0 1 0 -1 0
3.203 -0.15 -0.9065 0 1 0 -1 0
3.2531 -0.15 -0.6076 0 1 0 -1 0
3.248 -0.15 -0.5688 0 1 0 -1 0
3.2971 -0.15 -0.9455 0 1 0 -1 0
3.2681 -0.15 -0.6438 0 1 0 -1 0
3.2531 -0.15 -0.6076 0 1 0 -1 0
3.2971 -0.15 -0.9455 0 1 0 -1 0
3.292 -0.15 -0.6748 0 1 0 -1 0
3.2681 -0.15 -0.6438 0 1 0 -1 0
3.2971 -0.15 -0.9455 0 1 0 -1 0
3.323 -0.15 -0.6987 0 1 0 -1 0
3.292 -0.15 -0.6748 0 1 0 -1 0
3.2971 -0.15 -0.9455 0 1 0 -1 0
3.398 -0.15 -0.9588 0 1 0 -1 0
3.323 -0.15 -0.6987 0 1 0 -1 0
3.2971 -0.15 -0.9455 0 1 0 -1 0
3.3592 -0.15 -0.7136 0 1 0 -1 0
3.323 -0.15 -0.6987 0 1 0 -1 0
3.398 -0.15 -0.9588 0 1 0 -1 0
3.398 -0.15 -0.7188 0 1 0 -1 0
3.3592 -0.15 -0.7136 0 1 0 -1 0
3.398 -0.15 -0.9588 0 1 0 -1 0
3.9055 -0.15 -0.7188 0 1 0 -1 0
3.398 -0.15 -0.7188 0 1 0 -1 0
3.398 -0.15 -0.9588 0 1 0 -1 0
3.9955 -0.15 -0.9588 0 1 0 -1 0
3.9055 -0.15 -0.7188 0 1 0 -1 0
3.398 -0.15 -0.9588 0 1 0 -1 0
3.9955 -0.15 0.9588 0 1 0 -1 0
3.9055 -0.15 -0.7188 0 1 0 -1 0
3.9955 -0.15 -0.9588 0 1 0 -1 0
4.0343 -0.15 0.9536 0 1 0 -1 0
3.9955 -0.15 0.9588 0 1 0 -1 0
3.9955 -0.15 -0.9588 0 1 0 -1 0
4.0343 -0.15 -0.9536 0 1 0 -1 0
4.0343 -0.15 0.9536 0 1 0 -1 0
3.9955 -0.15 -0.9588 0 1 0 -1 0
4.0705 -0.15 0.9387 0 1 0 -1 0
4.0343 -0.15 0.9536 0 1 0 -1 0
4.0343 -0.15 -0.9536 0 1 0 -1 0
4.0705 -0.15 -0.9387 0 1 0 -1 0
4.0705 -0.15 0.9387 0 1 0 -1 0
4.0343 -0.15 -0.9536 0 1 0 -1 0
4.1016 -0.15 0.9148 0 1 0 -1 0
4.0705 -0.15 0.9387 0 1 0 -1 0
4.0705 -0.15 -0.9387 0 1 0 -1 0
4.1016 -0.15 -0.9148 0 1 0 -1 0
4.1016 -0.15 0.9148 0 1 0 -1 0
4.0705 -0.15 -0.9387 0 1 0 -1 0
4.1254 -0.15 0.8838 0 1 0 -1 0
4.1016 -0.15 0.9148 0 1 0 -1 0
4.1016 -0.15 -0.9148 0 1 0 -1 0
4.1254 -0.15 -0.8838 0 1 0 -1 0
4.1254 -0.15 0.8838 0 1 0 -1 0
4.1016 -0.15 -0.9148 0 1 0 -1 0
4.1404 -0.15 0.8476 0 1 0 -1 0
4.1254 -0.15 0.8838 0 1 0 -1 0
4.1254 -0.15 -0.8838 0 1 0 -1 0
4.1404 -0.15 -0.8476 0 1 0 -1 0
4.1404 -0.15 0.8476 0 1 0 -1 0
4.1254 -0.15 -0.8838 0 1 0 -1 0
4.1455 -0.15 0.8088 0 1 0 -1 0
4.1404 -0.15 0.8476 0 1 0 -1 0
4.1404 -0.15 -0.8476 0 1 0 -1 0
4.1455 -0.15 -0.8088 0 1 0 -1 0
4.1455 -0.15 0.8088 0 1 0 -1 0
4.1404 -0.15 -0.8476 0 1 0 -1 0
3.248 -0.15 0.5688 0 1 0 -1 0
3.248 -0.15 -0.5688 0 1 0 -1 0
3.248 -0.15 -0.1498 0 1 0 -1 0
-4.1455 -0.15 0.9588 0 1 0 -1 0
-4.1455 -0.15 -0.9585 0 1 0 -1 0
-2.2488 -0.15 0.9588 0 1 0 -1 0
-2.2488 -0.15 -0.9585 0 1 0 -1 0
-2.2488 -0.15 0.9588 0 1 0 -1 0
-4.1455 -0.15 -0.9585 0 1 0 -1 0
-2.1711 -0.15 0.9485 0 1 0 -1 0
-2.2488 -0.15 0.9588 0 1 0 -1 0
-2.2488 -0.15 -0.9585 0 1 0 -1 0
-2.1711 -0.15 -0.9482 0 1 0 -1 0
-2.1711 -0.15 0.9485 0 1 0 -1 0
-2.2488 -0.15 -0.9585 0 1 0 -1 0
-2.0988 -0.15 -0.9183 0 1 0 -1 0
-2.1711 -0.15 0.9485 0 1 0 -1 0
-2.1711 -0.15 -0.9482 0 1 0 -1 0
-2.0988 -0.15 0.9186 0 1 0 -1 0
-2.1711 -0.15 0.9485 0 1 0 -1 0
-2.0988 -0.15 -0.9183 0 1 0 -1 0
-2.0366 -0.15 0.8709 0 1 0 -1 0
-2.0988 -0.15 0.9186 0 1 0 -1 0
-2.0988 -0.15 -0.9183 0 1 0 -1 0
-2.0366 -0.15 -0.8706 0 1 0 -1 0
-2.0366 -0.15 0.8709 0 1 0 -1 0
-2.0988 -0.15 -0.9183 0 1 0 -1 0
-1.989 -0.15 0.8088 0 1 0 -1 0
-2.0366 -0.15 0.8709 0 1 0 -1 0
-2.0366 -0.15 -0.8706 0 1 0 -1 0
-1.989 -0.15 -0.8085 0 1 0 -1 0
-1.989 -0.15 0.8088 0 1 0 -1 0
-2.0366 -0.15 -0.8706 0 1 0 -1 0
-1.959 -0.15 0.7364 0 1 0 -1 0
-1.989 -0.15 0.8088 0 1 0 -1 0
-1.989 -0.15 -0.8085 0 1 0 -1 0
-1.959 -0.15 -0.7361 0 1 0 -1 0
-1.959 -0.15 0.7364 0 1 0 -1 0
-1.989 -0.15 -0.8085 0 1 0 -1 0
-1.9488 -0.15 0.6588 0 1 0 -1 0
-1.959 -0.15 0.7364 0 1 0 -1 0
-1.959 -0.15 -0.7361 0 1 0 -1 0
-1.9488 -0.15 0.1502 0 1 0 -1 0
-1.9488 -0.15 0.6588 0 1 0 -1 0
-1.959 -0.15 -0.7361 0 1 0 -1 0
3.008 -0.15 -0.1498 0 1 0 -1 0
3.008 -0.15 -0.5688 0 1 0 -1 0
3.0213 -0.15 -0.6697 0 1 0 -1 0
-1.9488 -0.15 0.1502 0 1 0 -1 0
-1.9488 -0.15 -0.1498 0 1 0 -1 0
3.008 -0.15 0.1502 0 1 0 -1 0
3.008 -0.15 -0.1498 0 1 0 -1 0
3.008 -0.15 0.1502 0 1 0 -1 0
-1.9488 -0.15 -0.1498 0 1 0 -1 0
-1.9488 -0.15 -0.6585 0 1 0 -1 0
-1.9488 -0.15 -0.1498 0 1 0 -1 0
-1.959 -0.15 -0.7361 0 1 0 -1 0
-1.9488 -0.15 0.1502 0 1 0 -1 0
-1.959 -0.15 -0.7361 0 1 0 -1 0
-1.9488 -0.15 -0.1498 0 1 0 -1 0
-1.9488 -0.15 0.1502 0 1 1 0 -0
-1.9488 0.15 0.1502 0 1 1 0 -0
-1.9488 -0.15 0.6588 0 1 1 0 -0
-1.9488 0.15 0.6588 0 1 1 0 -0
-1.9488 -0.15 0.6588 0 1 1 0 -0
-1.9488 0.15 0.1502 0 1 1 0 -0
-1.9488 -0.15 0.1502 0 1 0 0 1
3.008 -0.15 0.1502 0 1 0 0 1
-1.9488 0.15 0.1502 0 1 0 0 1
3.008 0.15 0.1502 0 1 0 0 1
-1.9488 0.15 0.1502 0 1 0 0 1
3.008 -0.15 0.1502 0 1 0 0 1
3.008 0.15 0.1502 0 1 -1 -0 0
3.008 -0.15 0.1502 0 1 -1 -0 0
3.008 0.15 0.5688 0 1 -1 -0 0
3.008 -0.15 0.5688 0 1 -1 -0 0
3.008 0.15 0.5688 0 1 -1 -0 0
3.008 -0.15 0.1502 0 1 -1 -0 0
3.008 0.15 0.5688 0 1 -0.9914 -0 0.1305
3.008 -0.15 0.5688 0 1 -0.9914 -0 0.1305
3.0213 0.15 0.6697 0 1 -0.9659 -0 0.2588
3.0213 -0.15 0.6697 0 1 -0.9659 -0 0.2588
3.0213 0.15 0.6697 0 1 -0.9659 -0 0.2588
3.008 -0.15 0.5688 0 1 -0.9914 -0 0.1305
3.0213 0.15 0.6697 0 1 -0.9659 -0 0.2588
3.0213 -0.15 0.6697 0 1 -0.9659 -0 0.2588
3.0603 0.15 0.7638 0 1 -0.866 -0 0.5
3.0603 -0.15 0.7638 0 1 -0.866 -0 0.5
3.0603 0.15 0.7638 0 1 -0.866 -0 0.5
3.0213 -0.15 0.6697 0 1 -0.9659 -0 0.2588
3.0603 0.15 0.7638 0 1 -0.866 -0 0.5
3.0603 -0.15 0.7638 0 1 -0.866 -0 0.5
3.1223 0.15 0.8445 0 1 -0.7071 -0 0.7071
3.1223 -0.15 0.8445 0 1 -0.7071 -0 0.7071
3.1223 0.15 0.8445 0 1 -0.7071 -0 0.7071
3.0603 -0.15 0.7638 0 1 -0.866 -0 0.5
3.1223 -0.15 0.8445 0 1 -0.7071 -0 0.7071
3.203 -0.15 0.9065 0 1 -0.5 -0 0.866
3.1223 0.15 0.8445 0 1 -0.7071 -0 0.7071
3.203 0.15 0.9065 0 1 -0.5 -0 0.866
3.1223 0.15 0.8445 0 1 -0.7071 -0 0.7071
3.203 -0.15 0.9065 0 1 -0.5 -0 0.866
3.203 -0.15 0.9065 0 1 -0.5 -0 0.866
3.2971 -0.15 0.9455 0 1 -0.2588 -0 0.9659
3.203 0.15 0.9065 0 1 -0.5 -0 0.866
3.2971 0.15 0.9455 0 1 -0.2588 -0 0.9659
3.203 0.15 0.9065 0 1 -0.5 -0 0.866
3.2971 -0.15 0.9455 0 1 -0.2588 -0 0.9659
3.2971 -0.15 0.9455 0 1 -0.2588 -0 0.9659
3.398 -0.15 0.9588 0 1 -0.1305 -0 0.9914
3.2971 0.15 0.9455 0 1 -0.2588 -0 0.9659
3.398 0.15 0.9588 0 1 -0.1305 -0 0.9914
3.2971 0.15 0.9455 0 1 -0.2588 -0 0.9659
3.398 -0.15 0.9588 0 1 -0.1305 -0 0.9914
3.398 -0.15 0.9588 0 1 0 0 1
3.9955 -0.15 0.9588 0 1 0 0 1
3.398 0.15 0.9588 0 1 0 0 1
3.9955 0.15 0.9588 0 1 0 0 1
3.398 0.15 0.9588 0 1 0 0 1
3.9955 -0.15 0.9588 0 1 0 0 1
3.9955 -0.15 0.9588 0 1 0.1305 0 0.9914
4.0343 -0.15 0.9536 0 1 0.2588 0 0.9659
3.9955 0.15 0.9588 0 1 0.1305 0 0.9914
4.0343 0.15 0.9536 0 1 0.2588 0 0.9659
3.9955 0.15 0.9588 0 1 0.1305 0 0.9914
4.0343 -0.15 0.9536 0 1 0.2588 0 0.9659
4.0343 -0.15 0.9536 0 1 0.2588 0 0.9659
4.0705 -0.15 0.9387 0 1 0.5 0 0.866
4.0343 0.15 0.9536 0 1 0.2588 0 0.9659
4.0705 0.15 0.9387 0 1 0.5 0 0.866
4.0343 0.15 0.9536 0 1 0.2588 0 0.9659
4.0705 -0.15 0.9387 0 1 0.5 0 0.866
4.0705 -0.15 0.9387 0 1 0.5 0 0.866
4.1016 -0.15 0.9148 0 1 0.7071 0 0.7071
4.0705 0.15 0.9387 0 1 0.5 0 0.866
4.1016 0.15 0.9148 0 1 0.7071 0 0.7071
4.0705 0.15 0.9387 0 1 0.5 0 0.866
4.1016 -0.15 0.9148 0 1 0.7071 0 0.7071
4.1254 -0.15 0.8838 0 1 0.866 0 0.5
4.1254 0.15 0.8838 0 1 0.866 0 0.5
4.1016 -0.15 0.9148 0 1 0.7071 0 0.7071
4.1016 0.15 0.9148 0 1 0.7071 0 0.7071
4.1016 -0.15 0.9148 0 1 0.7071 0 0.7071
4.1254 0.15 0.8838 0 1 0.866 0 0.5
4.1404 -0.15 0.8476 0 1 0.9659 0 0.2588
4.1404 0.15 0.8476 0 1 0.9659 0 0.2588
4.1254 -0.15 0.8838 0 1 0.866 0 0.5
4.1254 0.15 0.8838 0 1 0.866 0 0.5
4.1254 -0.15 0.8838 0 1 0.866 0 0.5
4.1404 0.15 0.8476 0 1 0.9659 0 0.2588
4.1455 -0.15 0.8088 0 1 0.9914 0 0.1305
4.1455 0.15 0.8088 0 1 0.9914 0 0.1305
4.1404 -0.15 0.8476 0 1 0.9659 0 0.2588
4.1404 0.15 0.8476 0 1 0.9659 0 0.2588
4.1404 -0.15 0.8476 0 1 0.9659 0 0.2588
4.1455 0.15 0.8088 0 1 0.9914 0 0.1305
4.1455 -0.15 -0.8088 0 1 1 0 -0
4.1455 0.15 -0.8088 0 1 1 0 -0
4.1455 -0.15 0.8088 0 1 1 0 -0
4.1455 0.15 0.8088 0 1 1 0 -0
4.1455 -0.15 0.8088 0 1 1 0 -0
4.1455 0.15 -0.8088 0 1 1 0 -0
4.1404 -0.15 -0.8476 0 1 0.9659 0 -0.2588
4.1404 0.15 -0.8476 0 1 0.9659 0 -0.2588
4.1455 -0.15 -0.8088 0 1 0.9914 0 -0.1305
4.1455 0.15 -0.8088 0 1 0.9914 0 -0.1305
4.1455 -0.15 -0.8088 0 1 0.9914 0 -0.1305
4.1404 0.15 -0.8476 0 1 0.9659 0 -0.2588
4.1254 -0.15 -0.8838 0 1 0.866 0 -0.5
4.1254 0.15 -0.8838 0 1 0.866 0 -0.5
4.1404 -0.15 -0.8476 0 1 0.9659 0 -0.2588
4.1404 0.15 -0.8476 0 1 0.9659 0 -0.2588
4.1404 -0.15 -0.8476 0 1 0.9659 0 -0.2588
4.1254 0.15 -0.8838 0 1 0.866 0 -0.5
4.1016 -0.15 -0.9148 0 1 0.7071 0 -0.7071
4.1016 0.15 -0.9148 0 1 0.7071 0 -0.7071
4.1254 -0.15 -0.8838 0 1 0.866 0 -0.5
4.1254 0.15 -0.8838 0 1 0.866 0 -0.5
4.1254 -0.15 -0.8838 0 1 0.866 0 -0.5
4.1016 0.15 -0.9148 0 1 0.7071 0 -0.7071
4.1016 -0.15 -0.9148 0 1 0.7071 0 -0.7071
4.0705 -0.15 -0.9387 0 1 0.5 0 -0.866
4.1016 0.15 -0.9148 0 1 0.7071 0 -0.7071
4.0705 0.15 -0.9387 0 1 0.5 0 -0.866
4.1016 0.15 -0.9148 0 1 0.7071 0 -0.7071
4.0705 -0.15 -0.9387 0 1 0.5 0 -0.866
4.0705 -0.15 -0.9387 0 1 0.5 0 -0.866
4.0343 -0.15 -0.9536 0 1 0.2588 0 -0.9659
4.0705 0.15 -0.9387 0 1 0.5 0 -0.866
4.0343 0.15 -0.9536 0 1 0.2588 0 -0.9659
4.0705 0.15 -0.9387 0 1 0.5 0 -0.866
4.0343 -0.15 -0.9536 0 1 0.2588 0 -0.9659
4.0343 -0.15 -0.9536 0 1 0.2588 0 -0.9659
3.9955 -0.15 -0.9588 0 1 0.1305 0 -0.9914
4.0343 0.15 -0.9536 0 1 0.2588 0 -0.9659
3.9955 0.15 -0.9588 0 1 0.1305 0 -0.9914
4.0343 0.15 -0.9536 0 1 0.2588 0 -0.9659
3.9955 -0.15 -0.9588 0 1 0.1305 0 -0.9914
3.9955 -0.15 -0.9588 0 1 0 0 -1
3.398 -0.15 -0.9588 0 1 0 0 -1
3.9955 0.15 -0.9588 0 1 0 0 -1
3.398 0.15 -0.9588 0 1 0 0 -1
3.9955 0.15 -0.9588 0 1 0 0 -1
3.398 -0.15 -0.9588 0 1 0 0 -1
3.398 -0.15 -0.9588 0 1 -0.1305 -0 -0.9914
3.2971 -0.15 -0.9455 0 1 -0.2588 -0 -0.9659
3.398 0.15 -0.9588 0 1 -0.1305 -0 -0.9914
3.2971 0.15 -0.9455 0 1 -0.2588 -0 -0.9659
3.398 0.15 -0.9588 0 1 -0.1305 -0 -0.9914
3.2971 -0.15 -0.9455 0 1 -0.2588 -0 -0.9659
3.2971 -0.15 -0.9455 0 1 -0.2588 -0 -0.9659
3.203 -0.15 -0.9065 0 1 -0.5 -0 -0.866
3.2971 0.15 -0.9455 0 1 -0.2588 -0 -0.9659
3.203 0.15 -0.9065 0 1 -0.5 -0 -0.866
3.2971 0.15 -0.9455 0 1 -0.2588 -0 -0.9659
3.203 -0.15 -0.9065 0 1 -0.5 -0 -0.866
3.203 -0.15 -0.9065 0 1 -0.5 -0 -0.866
3.1223 -0.15 -0.8445 0 1 -0.7071 -0 -0.7071
3.203 0.15 -0.9065 0 1 -0.5 -0 -0.866
3.1223 0.15 -0.8445 0 1 -0.7071 -0 -0.7071
3.203 0.15 -0.9065 0 1 -0.5 -0 -0.866
3.1223 -0.15 -0.8445 0 1 -0.7071 -0 -0.7071
3.1223 0.15 -0.8445 0 1 -0.7071 -0 -0.7071
3.1223 -0.15 -0.8445 0 1 -0.7071 -0 -0.7071
3.0603 0.15 -0.7638 0 1 -0.866 -0 -0.5
3.0603 -0.15 -0.7638 0 1 -0.866 -0 -0.5
3.0603 0.15 -0.7638 0 1 -0.866 -0 -0.5
3.1223 -0.15 -0.8445 0 1 -0.7071 -0 -0.7071
3.0603 0.15 -0.7638 0 1 -0.866 -0 -0.5
3.0603 -0.15 -0.7638 0 1 -0.866 -0 -0.5
3.0213 0.15 -0.6697 0 1 -0.9659 -0 -0.2588
3.0213 -0.15 -0.6697 0 1 -0.9659 -0 -0.2588
3.0213 0.15 -0.6697 0 1 -0.9659 -0 -0.2588
3.0603 -0.15 -0.7638 0 1 -0.866 -0 -0.5
3.0213 0.15 -0.6697 0 1 -0.9659 -0 -0.2588
3.0213 -0.15 -0.6697 0 1 -0.9659 -0 -0.2588
3.008 0.15 -0.5688 0 1 -0.9914 -0 -0.1305
3.008 -0.15 -0.5688 0 1 -0.9914 -0 -0.1305
3.008 0.15 -0.5688 0 1 -0.9914 -0 -0.1305
3.0213 -0.15 -0.6697 0 1 -0.9659 -0 -0.2588
3.008 0.15 -0.5688 0 1 -1 -0 0
3.008 -0.15 -0.5688 0 1 -1 -0 0
3.008 0.15 -0.1498 0 1 -1 -0 0
3.008 -0.15 -0.1498 0 1 -1 -0 0
3.008 0.15 -0.1498 0 1 -1 -0 0
3.008 -0.15 -0.5688 0 1 -1 -0 0
3.008 -0.15 -0.1498 0 1 0 0 -1
-1.9488 -0.15 -0.1498 0 1 0 0 -1
3.008 0.15 -0.1498 0 1 0 0 -1
-1.9488 0.15 -0.1498 0 1 0 0 -1
3.008 0.15 -0.1498 0 1 0 0 -1
-1.9488 -0.15 -0.1498 0 1 0 0 -1
-1.9488 -0.15 -0.6585 0 1 1 0 -0
-1.9488 0.15 -0.6585 0 1 1 0 -0
-1.9488 -0.15 -0.1498 0 1 1 0 -0
-1.9488 0.15 -0.1498 0 1 1 0 -0
-1.9488 -0.15 -0.1498 0 1 1 0 -0
-1.9488 0.15 -0.6585 0 1 1 0 -0
-1.959 -0.15 -0.7361 0 1 0.9659 0 -0.2588
-1.959 0.15 -0.7361 0 1 0.9659 0 -0.2588
-1.9488 -0.15 -0.6585 0 1 0.9914 0 -0.1305
-1.9488 0.15 -0.6585 0 1 0.9914 0 -0.1305
-1.9488 -0.15 -0.6585 0 1 0.9914 0 -0.1305
-1.959 0.15 -0.7361 0 1 0.9659 0 -0.2588
-1.989 -0.15 -0.8085 0 1 0.866 0 -0.5
-1.989 0.15 -0.8085 0 1 0.866 0 -0.5
-1.959 -0.15 -0.7361 0 1 0.9659 0 -0.2588
-1.959 0.15 -0.7361 0 1 0.9659 0 -0.2588
-1.959 -0.15 -0.7361 0 1 0.9659 0 -0.2588
-1.989 0.15 -0.8085 0 1 0.866 0 -0.5
-2.0366 -0.15 -0.8706 0 1 0.7071 0 -0.7071
-2.0366 0.15 -0.8706 0 1 0.7071 0 -0.7071
-1.989 -0.15 -0.8085 0 1 0.866 0 -0.5
-1.989 0.15 -0.8085 0 1 0.866 0 -0.5
-1.989 -0.15 -0.8085 0 1 0.866 0 -0.5
-2.0366 0.15 -0.8706 0 1 0.7071 0 -0.7071
-2.0366 -0.15 -0.8706 0 1 0.7071 0 -0.7071
-2.0988 -0.15 -0.9183 0 1 0.5 0 -0.866
-2.0366 0.15 -0.8706 0 1 0.7071 0 -0.7071
-2.0988 0.15 -0.9183 0 1 0.5 0 -0.866
-2.0366 0.15 -0.8706 0 1 0.7071 0 -0.7071
-2.0988 -0.15 -0.9183 0 1 0.5 0 -0.866
-2.0988 -0.15 -0.9183 0 1 0.5 0 -0.866
-2.1711 -0.15 -0.9482 0 1 0.2588 0 -0.9659
-2.0988 0.15 -0.9183 0 1 0.5 0 -0.866
-2.1711 0.15 -0.9482 0 1 0.2588 0 -0.9659
-2.0988 0.15 -0.9183 0 1 0.5 0 -0.866
-2.1711 -0.15 -0.9482 0 1 0.2588 0 -0.9659
-2.1711 -0.15 -0.9482 0 1 0.2588 0 -0.9659
-2.2488 -0.15 -0.9585 0 1 0.1305 0 -0.9914
-2.1711 0.15 -0.9482 0 1 0.2588 0 -0.9659
-2.2488 0.15 -0.9585 0 1 0.1305 0 -0.9914
-2.1711 0.15 -0.9482 0 1 0.2588 0 -0.9659
-2.2488 -0.15 -0.9585 0 1 0.1305 0 -0.9914
-2.2566 -0.06 -0.8385 0 1 -0.1305 -0 0.9914
-2.2025 -0.06 -0.8313 0 1 -0.2588 -0 0.9659
-2.2566 0.15 -0.8385 0 1 -0.1305 -0 0.9914
-2.2025 0.15 -0.8313 0 1 -0.2588 -0 0.9659
-2.2566 0.15 -0.8385 0 1 -0.1305 -0 0.9914
-2.2025 -0.06 -0.8313 0 1 -0.2588 -0 0.9659
-2.2025 -0.06 -0.8313 0 1 -0.2588 -0 0.9659
-2.1593 -0.06 -0.8134 0 1 -0.5 -0 0.866
-2.2025 0.15 -0.8313 0 1 -0.2588 -0 0.9659
-2.1593 0.15 -0.8134 0 1 -0.5 -0 0.866
-2.2025 0.15 -0.8313 0 1 -0.2588 -0 0.9659
-2.1593 -0.06 -0.8134 0 1 -0.5 -0 0.866
-2.1593 -0.06 -0.8134 0 1 -0.5 -0 0.866
-2.1222 -0.06 -0.785 0 1 -0.7071 -0 0.7071
-2.1593 0.15 -0.8134 0 1 -0.5 -0 0.866
-2.1222 0.15 -0.785 0 1 -0.7071 -0 0.7071
-2.1593 0.15 -0.8134 0 1 -0.5 -0 0.866
-2.1222 -0.06 -0.785 0 1 -0.7071 -0 0.7071
-2.1222 0.15 -0.785 0 1 -0.7071 -0 0.7071
-2.1222 -0.06 -0.785 0 1 -0.7071 -0 0.7071
-2.0938 0.15 -0.7479 0 1 -0.866 -0 0.5
-2.0938 -0.06 -0.7479 0 1 -0.866 -0 0.5
-2.0938 0.15 -0.7479 0 1 -0.866 -0 0.5
-2.1222 -0.06 -0.785 0 1 -0.7071 -0 0.7071
-2.0938 0.15 -0.7479 0 1 -0.866 -0 0.5
-2.0938 -0.06 -0.7479 0 1 -0.866 -0 0.5
-2.0759 0.15 -0.7048 0 1 -0.9659 -0 0.2588
-2.0759 -0.06 -0.7048 0 1 -0.9659 -0 0.2588
-2.0759 0.15 -0.7048 0 1 -0.9659 -0 0.2588
-2.0938 -0.06 -0.7479 0 1 -0.866 -0 0.5
-2.0759 0.15 -0.7048 0 1 -0.9659 -0 0.2588
-2.0759 -0.06 -0.7048 0 1 -0.9659 -0 0.2588
-2.0688 0.15 -0.6506 0 1 -0.9914 -0 0.1305
-2.0688 -0.06 -0.6506 0 1 -0.9914 -0 0.1305
-2.0688 0.15 -0.6506 0 1 -0.9914 -0 0.1305
-2.0759 -0.06 -0.7048 0 1 -0.9659 -0 0.2588
-2.0688 0.15 -0.6506 0 1 -1 -0 0
-2.0688 -0.06 -0.6506 0 1 -1 -0 0
-2.0688 0.15 0.6509 0 1 -1 -0 0
-2.0688 -0.06 0.6509 0 1 -1 -0 0
-2.0688 0.15 0.6509 0 1 -1 -0 0
-2.0688 -0.06 -0.6506 0 1 -1 -0 0
-2.0688 0.15 0.6509 0 1 -0.9914 -0 -0.1305
-2.0688 -0.06 0.6509 0 1 -0.9914 -0 -0.1305
-2.0759 0.15 0.7051 0 1 -0.9659 -0 -0.2588
-2.0759 -0.06 0.7051 0 1 -0.9659 -0 -0.2588
-2.0759 0.15 0.7051 0 1 -0.9659 -0 -0.2588
-2.0688 -0.06 0.6509 0 1 -0.9914 -0 -0.1305
-2.0759 0.15 0.7051 0 1 -0.9659 -0 -0.2588
-2.0759 -0.06 0.7051 0 1 -0.9659 -0 -0.2588
-2.0938 0.15 0.7482 0 1 -0.866 -0 -0.5
-2.0938 -0.06 0.7482 0 1 -0.866 -0 -0.5
-2.0938 0.15 0.7482 0 1 -0.866 -0 -0.5
-2.0759 -0.06 0.7051 0 1 -0.9659 -0 -0.2588
-2.0938 0.15 0.7482 0 1 -0.866 -0 -0.5
-2.0938 -0.06 0.7482 0 1 -0.866 -0 -0.5
-2.1222 0.15 0.7853 0 1 -0.7071 -0 -0.7071
-2.1222 -0.06 0.7853 0 1 -0.7071 -0 -0.7071
-2.1222 0.15 0.7853 0 1 -0.7071 -0 -0.7071
-2.0938 -0.06 0.7482 0 1 -0.866 -0 -0.5
-2.1222 -0.06 0.7853 0 1 -0.7071 -0 -0.7071
-2.1593 -0.06 0.8137 0 1 -0.5 -0 -0.866
-2.1222 0.15 0.7853 0 1 -0.7071 -0 -0.7071
-2.1593 0.15 0.8137 0 1 -0.5 -0 -0.866
-2.1222 0.15 0.7853 0 1 -0.7071 -0 -0.7071
-2.1593 -0.06 0.8137 0 1 -0.5 -0 -0.866
-2.1593 -0.06 0.8137 0 1 -0.5 -0 -0.866
-2.2025 -0.06 0.8316 0 1 -0.2588 -0 -0.9659
-2.1593 0.15 0.8137 0 1 -0.5 -0 -0.866
-2.2025 0.15 0.8316 0 1 -0.2588 -0 -0.9659
-2.1593 0.15 0.8137 0 1 -0.5 -0 -0.866
-2.2025 -0.06 0.8316 0 1 -0.2588 -0 -0.9659
-2.2025 -0.06 0.8316 0 1 -0.2588 -0 -0.9659
-2.2566 -0.06 0.8388 0 1 -0.1305 -0 -0.9914
-2.2025 0.15 0.8316 0 1 -0.2588 -0 -0.9659
-2.2566 0.15 0.8388 0 1 -0.1305 -0 -0.9914
-2.2025 0.15 0.8316 0 1 -0.2588 -0 -0.9659
-2.2566 -0.06 0.8388 0 1 -0.1305 -0 -0.9914
-2.2488 -0.15 0.9588 0 1 0.1305 0 0.9914
-2.1711 -0.15 0.9485 0 1 0.2588 0 0.9659
-2.2488 0.15 0.9588 0 1 0.1305 0 0.9914
-2.1711 0.15 0.9485 0 1 0.2588 0 0.9659
-2.2488 0.15 0.9588 0 1 0.1305 0 0.9914
-2.1711 -0.15 0.9485 0 1 0.2588 0 0.9659
-2.1711 -0.15 0.9485 0 1 0.2588 0 0.9659
-2.0988 -0.15 0.9186 0 1 0.5 0 0.866
-2.1711 0.15 0.9485 0 1 0.2588 0 0.9659
-2.0988 0.15 0.9186 0 1 0.5 0 0.866
-2.1711 0.15 0.9485 0 1 0.2588 0 0.9659
-2.0988 -0.15 0.9186 0 1 0.5 0 0.866
-2.0988 -0.15 0.9186 0 1 0.5 0 0.866
-2.0366 -0.15 0.8709 0 1 0.7071 0 0.7071
-2.0988 0.15 0.9186 0 1 0.5 0 0.866
-2.0366 0.15 0.8709 0 1 0.7071 0 0.7071
-2.0988 0.15 0.9186 0 1 0.5 0 0.866
-2.0366 -0.15 0.8709 0 1 0.7071 0 0.7071
-1.989 -0.15 0.8088 0 1 0.866 0 0.5
-1.989 0.15 0.8088 0 1 0.866 0 0.5
-2.0366 -0.15 0.8709 0 1 0.7071 0 0.7071
-2.0366 0.15 0.8709 0 1 0.7071 0 0.7071
-2.0366 -0.15 0.8709 0 1 0.7071 0 0.7071
-1.989 0.15 0.8088 0 1 0.866 0 0.5
-1.959 -0.15 0.7364 0 1 0.9659 0 0.2588
-1.959 0.15 0.7364 0 1 0.9659 0 0.2588
-1.989 -0.15 0.8088 0 1 0.866 0 0.5
-1.989 0.15 0.8088 0 1 0.866 0 0.5
-1.989 -0.15 0.8088 0 1 0.866 0 0.5
-1.959 0.15 0.7364 0 1 0.9659 0 0.2588
-1.9488 -0.15 0.6588 0 1 0.9914 0 0.1305
-1.9488 0.15 0.6588 0 1 0.9914 0 0.1305
-1.959 -0.15 0.7364 0 1 0.9659 0 0.2588
-1.959 0.15 0.7364 0 1 0.9659 0 0.2588
-1.959 -0.15 0.7364 0 1 0.9659 0 0.2588
-1.9488 0.15 0.6588 0 1 0.9914 0 0.1305
3.398 -0.15 -0.7188 0 1 0 0 1
3.9055 -0.15 -0.7188 0 1 0 0 1
3.398 0.15 -0.7188 0 1 0 0 1
3.9055 0.15 -0.7188 0 1 0 0 1
3.398 0.15 -0.7188 0 1 0 0 1
3.9055 -0.15 -0.7188 0 1 0 0 1
3.9055 0.15 -0.7188 0 1 -1 -0 0
3.9055 -0.15 -0.7188 0 1 -1 -0 0
3.9055 0.15 0 0 1 -1 -0 0
3.9055 -0.15 0 0 1 -1 -0 0
3.9055 0.15 0 0 1 -1 -0 0
3.9055 -0.15 -0.7188 0 1 -1 -0 0
3.9055 0.15 0 0 1 -1 -0 0
3.9055 -0.15 0 0 1 -1 -0 0
3.9055 0.15 0.7188 0 1 -1 -0 0
3.9055 -0.15 0.7188 0 1 -1 -0 0
3.9055 0.15 0.7188 0 1 -1 -0 0
3.9055 -0.15 0 0 1 -1 -0 0
3.9055 -0.15 0.7188 0 1 0 0 -1
3.398 -0.15 0.7188 0 1 0 0 -1
3.9055 0.15 0.7188 0 1 0 0 -1
3.398 0.15 0.7188 0 1 0 0 -1
3.9055 0.15 0.7188 0 1 0 0 -1
3.398 -0.15 0.7188 0 1 0 0 -1
3.398 -0.15 0.7188 0 1 0.1305 0 -0.9914
3.3592 -0.15 0.7136 0 1 0.2588 0 -0.9659
3.398 0.15 0.7188 0 1 0.1305 0 -0.9914
3.3592 0.15 0.7136 0 1 0.2588 0 -0.9659
3.398 0.15 0.7188 0 1 0.1305 0 -0.9914
3.3592 -0.15 0.7136 0 1 0.2588 0 -0.9659
3.3592 -0.15 0.7136 0 1 0.2588 0 -0.9659
3.323 -0.15 0.6987 0 1 0.5 0 -0.866
3.3592 0.15 0.7136 0 1 0.2588 0 -0.9659
3.323 0.15 0.6987 0 1 0.5 0 -0.866
3.3592 0.15 0.7136 0 1 0.2588 0 -0.9659
3.323 -0.15 0.6987 0 1 0.5 0 -0.866
3.323 -0.15 0.6987 0 1 0.5 0 -0.866
3.292 -0.15 0.6748 0 1 0.7071 0 -0.7071
3.323 0.15 0.6987 0 1 0.5 0 -0.866
3.292 0.15 0.6748 0 1 0.7071 0 -0.7071
3.323 0.15 0.6987 0 1 0.5 0 -0.866
3.292 -0.15 0.6748 0 1 0.7071 0 -0.7071
3.2681 -0.15 0.6438 0 1 0.866 0 -0.5
3.2681 0.15 0.6438 0 1 0.866 0 -0.5
3.292 -0.15 0.6748 0 1 0.7071 0 -0.7071
3.292 0.15 0.6748 0 1 0.7071 0 -0.7071
3.292 -0.15 0.6748 0 1 0.7071 0 -0.7071
3.2681 0.15 0.6438 0 1 0.866 0 -0.5
3.2531 -0.15 0.6076 0 1 0.9659 0 -0.2588
3.2531 0.15 0.6076 0 1 0.9659 0 -0.2588
3.2681 -0.15 0.6438 0 1 0.866 0 -0.5
3.2681 0.15 0.6438 0 1 0.866 0 -0.5
3.2681 -0.15 0.6438 0 1 0.866 0 -0.5
3.2531 0.15 0.6076 0 1 0.9659 0 -0.2588
3.248 -0.15 0.5688 0 1 0.9914 0 -0.1305
3.248 0.15 0.5688 0 1 0.9914 0 -0.1305
3.2531 -0.15 0.6076 0 1 0.9659 0 -0.2588
3.2531 0.15 0.6076 0 1 0.9659 0 -0.2588
3.2531 -0.15 0.6076 0 1 0.9659 0 -0.2588
3.248 0.15 0.5688 0 1 0.9914 0 -0.1305
3.248 -0.15 -0.1498 0 1 1 0 -0
3.248 0.15 -0.1498 0 1 1 0 -0
3.248 -0.15 0.5688 0 1 1 0 -0
3.248 0.15 0.5688 0 1 1 0 -0
3.248 -0.15 0.5688 0 1 1 0 -0
3.248 0.15 -0.1498 0 1 1 0 -0
3.248 -0.15 -0.5688 0 1 1 0 -0
3.248 0.15 -0.5688 0 1 1 0 -0
3.248 -0.15 -0.1498 0 1 1 0 -0
3.248 0.15 -0.1498 0 1 1 0 -0
3.248 -0.15 -0.1498 0 1 1 0 -0
3.248 0.15 -0.5688 0 1 1 0 -0
3.2531 -0.15 -0.6076 0 1 0.9659 0 0.2588
3.2531 0.15 -0.6076 0 1 0.9659 0 0.2588
3.248 -0.15 -0.5688 0 1 0.9914 0 0.1305
3.248 0.15 -0.5688 0 1 0.9914 0 0.1305
3.248 -0.15 -0.5688 0 1 0.9914 0 0.1305
3.2531 0.15 -0.6076 0 1 0.9659 0 0.2588
3.2681 -0.15 -0.6438 0 1 0.866 0 0.5
3.2681 0.15 -0.6438 0 1 0.866 0 0.5
3.2531 -0.15 -0.6076 0 1 0.9659 0 0.2588
3.2531 0.15 -0.6076 0 1 0.9659 0 0.2588
3.2531 -0.15 -0.6076 0 1 0.9659 0 0.2588
3.2681 0.15 -0.6438 0 1 0.866 0 0.5
3.292 -0.15 -0.6748 0 1 0.7071 0 0.7071
3.292 0.15 -0.6748 0 1 0.7071 0 0.7071
3.2681 -0.15 -0.6438 0 1 0.866 0 0.5
3.2681 0.15 -0.6438 0 1 0.866 0 0.5
3.2681 -0.15 -0.6438 0 1 0.866 0 0.5
3.292 0.15 -0.6748 0 1 0.7071 0 0.7071
3.292 -0.15 -0.6748 0 1 0.7071 0 0.7071
3.323 -0.15 -0.6987 0 1 0.5 0 0.866
3.292 0.15 -0.6748 0 1 0.7071 0 0.7071
3.323 0.15 -0.6987 0 1 0.5 0 0.866
3.292 0.15 -0.6748 0 1 0.7071 0 0.7071
3.323 -0.15 -0.6987 0 1 0.5 0 0.866
3.323 -0.15 -0.6987 0 1 0.5 0 0.866
3.3592 -0.15 -0.7136 0 1 0.2588 0 0.9659
3.323 0.15 -0.6987 0 1 0.5 0 0.866
3.3592 0.15 -0.7136 0 1 0.2588 0 0.9659
3.323 0.15 -0.6987 0 1 0.5 0 0.866
3.3592 -0.15 -0.7136 0 1 0.2588 0 0.9659
3.3592 -0.15 -0.7136 0 1 0.2588 0 0.9659
3.398 -0.15 -0.7188 0 1 0.1305 0 0.9914
3.3592 0.15 -0.7136 0 1 0.2588 0 0.9659
3.398 0.15 -0.7188 0 1 0.1305 0 0.9914
3.3592 0.15 -0.7136 0 1 0.2588 0 0.9659
3.398 -0.15 -0.7188 0 1 0.1305 0 0.9914
-4.1455 -0.06 -0.8385 0 1 -0 1 0
-4.1455 -0.06 0.8388 0 1 -0 1 0
-2.2566 -0.06 -0.8385 0 1 -0 1 0
-2.2566 -0.06 0.8388 0 1 -0 1 0
-2.2566 -0.06 -0.8385 0 1 -0 1 0
-4.1455 -0.06 0.8388 0 1 -0 1 0
-2.2025 -0.06 0.8316 0 1 -0 1 0
-2.2566 -0.06 -0.8385 0 1 -0 1 0
-2.2566 -0.06 0.8388 0 1 -0 1 0
-2.2025 -0.06 -0.8313 0 1 -0 1 0
-2.2566 -0.06 -0.8385 0 1 -0 1 0
-2.2025 -0.06 0.8316 0 1 -0 1 0
-2.1593 -0.06 -0.8134 0 1 -0 1 0
-2.2025 -0.06 -0.8313 0 1 -0 1 0
-2.2025 -0.06 0.8316 0 1 -0 1 0
-2.1593 -0.06 0.8137 0 1 -0 1 0
-2.1593 -0.06 -0.8134 0 1 -0 1 0
-2.2025 -0.06 0.8316 0 1 -0 1 0
-2.1222 -0.06 -0.785 0 1 -0 1 0
-2.1593 -0.06 -0.8134 0 1 -0 1 0
-2.1593 -0.06 0.8137 0 1 -0 1 0
-2.1222 -0.06 0.7853 0 1 -0 1 0
-2.1222 -0.06 -0.785 0 1 -0 1 0
-2.1593 -0.06 0.8137 0 1 -0 1 0
-2.0938 -0.06 0.7482 0 1 -0 1 0
-2.1222 -0.06 -0.785 0 1 -0 1 0
-2.1222 -0.06 0.7853 0 1 -0 1 0
-2.0938 -0.06 -0.7479 0 1 -0 1 0
-2.1222 -0.06 -0.785 0 1 -0 1 0
-2.0938 -0.06 0.7482 0 1 -0 1 0
-2.0759 -0.06 -0.7048 0 1 -0 1 0
-2.0938 -0.06 -0.7479 0 1 -0 1 0
-2.0938 -0.06 0.7482 0 1 -0 1 0
-2.0759 -0.06 0.7051 0 1 -0 1 0
-2.0759 -0.06 -0.7048 0 1 -0 1 0
-2.0938 -0.06 0.7482 0 1 -0 1 0
-2.0688 -0.06 -0.6506 0 1 -0 1 0
-2.0759 -0.06 -0.7048 0 1 -0 1 0
-2.0759 -0.06 0.7051 0 1 -0 1 0
-2.0688 -0.06 0.6509 0 1 -0 1 0
-2.0688 -0.06 -0.6506 0 1 -0 1 0
-2.0759 -0.06 0.7051 0 1 -0 1 0
3.008 0.15 -0.5688 0 1 -0 1 0
3.008 0.15 -0.1498 0 1 -0 1 0
3.0213 0.15 -0.6697 0 1 -0 1 0
3.008 0.15 0.1502 0 1 -0 1 0
3.0213 0.15 -0.6697 0 1 -0 1 0
3.008 0.15 -0.1498 0 1 -0 1 0
3.008 0.15 0.5688 0 1 -0 1 0
3.0213 0.15 -0.6697 0 1 -0 1 0
3.008 0.15 0.1502 0 1 -0 1 0
3.0213 0.15 0.6697 0 1 -0 1 0
3.0213 0.15 -0.6697 0 1 -0 1 0
3.008 0.15 0.5688 0 1 -0 1 0
3.0603 0.15 -0.7638 0 1 -0 1 0
3.0213 0.15 -0.6697 0 1 -0 1 0
3.0213 0.15 0.6697 0 1 -0 1 0
3.0603 0.15 0.7638 0 1 -0 1 0
3.0603 0.15 -0.7638 0 1 -0 1 0
3.0213 0.15 0.6697 0 1 -0 1 0
3.1223 0.15 -0.8445 0 1 -0 1 0
3.0603 0.15 -0.7638 0 1 -0 1 0
3.0603 0.15 0.7638 0 1 -0 1 0
3.1223 0.15 0.8445 0 1 -0 1 0
3.1223 0.15 -0.8445 0 1 -0 1 0
3.0603 0.15 0.7638 0 1 -0 1 0
3.203 0.15 -0.9065 0 1 -0 1 0
3.1223 0.15 -0.8445 0 1 -0 1 0
3.1223 0.15 0.8445 0 1 -0 1 0
3.203 0.15 0.9065 0 1 -0 1 0
3.203 0.15 -0.9065 0 1 -0 1 0
3.1223 0.15 0.8445 0 1 -0 1 0
3.248 0.15 -0.5688 0 1 -0 1 0
3.203 0.15 -0.9065 0 1 -0 1 0
3.203 0.15 0.9065 0 1 -0 1 0
3.2971 0.15 -0.9455 0 1 -0 1 0
3.203 0.15 -0.9065 0 1 -0 1 0
3.248 0.15 -0.5688 0 1 -0 1 0
3.2531 0.15 -0.6076 0 1 -0 1 0
3.2971 0.15 -0.9455 0 1 -0 1 0
3.248 0.15 -0.5688 0 1 -0 1 0
3.2681 0.15 -0.6438 0 1 -0 1 0
3.2971 0.15 -0.9455 0 1 -0 1 0
3.2531 0.15 -0.6076 0 1 -0 1 0
3.292 0.15 -0.6748 0 1 -0 1 0
3.2971 0.15 -0.9455 0 1 -0 1 0
3.2681 0.15 -0.6438 0 1 -0 1 0
3.323 0.15 -0.6987 0 1 -0 1 0
3.2971 0.15 -0.9455 0 1 -0 1 0
3.292 0.15 -0.6748 0 1 -0 1 0
3.398 0.15 -0.9588 0 1 -0 1 0
3.2971 0.15 -0.9455 0 1 -0 1 0
3.323 0.15 -0.6987 0 1 -0 1 0
3.3592 0.15 -0.7136 0 1 -0 1 0
3.398 0.15 -0.9588 0 1 -0 1 0
3.323 0.15 -0.6987 0 1 -0 1 0
3.398 0.15 -0.7188 0 1 -0 1 0
3.398 0.15 -0.9588 0 1 -0 1 0
3.3592 0.15 -0.7136 0 1 -0 1 0
3.9955 0.15 -0.9588 0 1 -0 1 0
3.398 0.15 -0.9588 0 1 -0 1 0
3.398 0.15 -0.7188 0 1 -0 1 0
3.9055 0.15 -0.7188 0 1 -0 1 0
3.9955 0.15 -0.9588 0 1 -0 1 0
3.398 0.15 -0.7188 0 1 -0 1 0
3.9055 0.15 0 0 1 -0 1 0
3.9955 0.15 -0.9588 0 1 -0 1 0
3.9055 0.15 -0.7188 0 1 -0 1 0
3.9055 0.15 0.7188 0 1 -0 1 0
3.9955 0.15 -0.9588 0 1 -0 1 0
3.9055 0.15 0 0 1 -0 1 0
3.2971 0.15 0.9455 0 1 -0 1 0
3.248 0.15 0.5688 0 1 -0 1 0
3.203 0.15 0.9065 0 1 -0 1 0
3.248 0.15 -0.5688 0 1 -0 1 0
3.203 0.15 0.9065 0 1 -0 1 0
3.248 0.15 0.5688 0 1 -0 1 0
3.248 0.15 -0.1498 0 1 -0 1 0
3.248 0.15 -0.5688 0 1 -0 1 0
3.248 0.15 0.5688 0 1 -0 1 0
3.2531 0.15 0.6076 0 1 -0 1 0
3.248 0.15 0.5688 0 1 -0 1 0
3.2971 0.15 0.9455 0 1 -0 1 0
3.2681 0.15 0.6438 0 1 -0 1 0
3.2531 0.15 0.6076 0 1 -0 1 0
3.2971 0.15 0.9455 0 1 -0 1 0
3.292 0.15 0.6748 0 1 -0 1 0
3.2681 0.15 0.6438 0 1 -0 1 0
3.2971 0.15 0.9455 0 1 -0 1 0
3.323 0.15 0.6987 0 1 -0 1 0
3.292 0.15 0.6748 0 1 -0 1 0
3.2971 0.15 0.9455 0 1 -0 1 0
3.398 0.15 0.9588 0 1 -0 1 0
3.323 0.15 0.6987 0 1 -0 1 0
3.2971 0.15 0.9455 0 1 -0 1 0
3.3592 0.15 0.7136 0 1 -0 1 0
3.323 0.15 0.6987 0 1 -0 1 0
3.398 0.15 0.9588 0 1 -0 1 0
3.398 0.15 0.7188 0 1 -0 1 0
3.3592 0.15 0.7136 0 1 -0 1 0
3.398 0.15 0.9588 0 1 -0 1 0
3.9055 0.15 0.7188 0 1 -0 1 0
3.398 0.15 0.7188 0 1 -0 1 0
3.398 0.15 0.9588 0 1 -0 1 0
3.9955 0.15 0.9588 0 1 -0 1 0
3.9055 0.15 0.7188 0 1 -0 1 0
3.398 0.15 0.9588 0 1 -0 1 0
3.9955 0.15 -0.9588 0 1 -0 1 0
3.9055 0.15 0.7188 0 1 -0 1 0
3.9955 0.15 0.9588 0 1 -0 1 0
4.0343 0.15 -0.9536 0 1 -0 1 0
3.9955 0.15 -0.9588 0 1 -0 1 0
3.9955 0.15 0.9588 0 1 -0 1 0
4.0343 0.15 0.9536 0 1 -0 1 0
4.0343 0.15 -0.9536 0 1 -0 1 0
3.9955 0.15 0.9588 0 1 -0 1 0
4.0705 0.15 -0.9387 0 1 -0 1 0
4.0343 0.15 -0.9536 0 1 -0 1 0
4.0343 0.15 0.9536 0 1 -0 1 0
4.0705 0.15 0.9387 0 1 -0 1 0
4.0705 0.15 -0.9387 0 1 -0 1 0
4.0343 0.15 0.9536 0 1 -0 1 0
4.1016 0.15 -0.9148 0 1 -0 1 0
4.0705 0.15 -0.9387 0 1 -0 1 0
4.0705 0.15 0.9387 0 1 -0 1 0
4.1016 0.15 0.9148 0 1 -0 1 0
4.1016 0.15 -0.9148 0 1 -0 1 0
4.0705 0.15 0.9387 0 1 -0 1 0
4.1254 0.15 -0.8838 0 1 -0 1 0
4.1016 0.15 -0.9148 0 1 -0 1 0
4.1016 0.15 0.9148 0 1 -0 1 0
4.1254 0.15 0.8838 0 1 -0 1 0
4.1254 0.15 -0.8838 0 1 -0 1 0
4.1016 0.15 0.9148 0 1 -0 1 0
4.1404 0.15 -0.8476 0 1 -0 1 0
4.1254 0.15 -0.8838 0 1 -0 1 0
4.1254 0.15 0.8838 0 1 -0 1 0
4.1404 0.15 0.8476 0 1 -0 1 0
4.1404 0.15 -0.8476 0 1 -0 1 0
4.1254 0.15 0.8838 0 1 -0 1 0
4.1455 0.15 -0.8088 0 1 -0 1 0
4.1404 0.15 -0.8476 0 1 -0 1 0
4.1404 0.15 0.8476 0 1 -0 1 0
4.1455 0.15 0.8088 0 1 -0 1 0
4.1455 0.15 -0.8088 0 1 -0 1 0
4.1404 0.15 0.8476 0 1 -0 1 0
-2.2566 0.15 -0.8385 0 1 -0 1 0
-2.2025 0.15 -0.8313 0 1 -0 1 0
-2.2488 0.15 -0.9585 0 1 -0 1 0
-2.1711 0.15 -0.9482 0 1 -0 1 0
-2.2488 0.15 -0.9585 0 1 -0 1 0
-2.2025 0.15 -0.8313 0 1 -0 1 0
-2.1593 0.15 -0.8134 0 1 -0 1 0
-2.1711 0.15 -0.9482 0 1 -0 1 0
-2.2025 0.15 -0.8313 0 1 -0 1 0
-2.0988 0.15 -0.9183 0 1 -0 1 0
-2.1711 0.15 -0.9482 0 1 -0 1 0
-2.1593 0.15 -0.8134 0 1 -0 1 0
-2.1222 0.15 -0.785 0 1 -0 1 0
-2.0988 0.15 -0.9183 0 1 -0 1 0
-2.1593 0.15 -0.8134 0 1 -0 1 0
-2.0938 0.15 -0.7479 0 1 -0 1 0
-2.0988 0.15 -0.9183 0 1 -0 1 0
-2.1222 0.15 -0.785 0 1 -0 1 0
-2.0366 0.15 -0.8706 0 1 -0 1 0
-2.0988 0.15 -0.9183 0 1 -0 1 0
-2.0938 0.15 -0.7479 0 1 -0 1 0
-2.0759 0.15 -0.7048 0 1 -0 1 0
-2.0366 0.15 -0.8706 0 1 -0 1 0
-2.0938 0.15 -0.7479 0 1 -0 1 0
-2.0688 0.15 -0.6506 0 1 -0 1 0
-2.0366 0.15 -0.8706 0 1 -0 1 0
-2.0759 0.15 -0.7048 0 1 -0 1 0
-2.0688 0.15 0.6509 0 1 -0 1 0
-2.0366 0.15 -0.8706 0 1 -0 1 0
-2.0688 0.15 -0.6506 0 1 -0 1 0
-2.2566 0.15 0.8388 0 1 -0 1 0
-2.2488 0.15 0.9588 0 1 -0 1 0
-2.2025 0.15 0.8316 0 1 -0 1 0
-2.1711 0.15 0.9485 0 1 -0 1 0
-2.2025 0.15 0.8316 0 1 -0 1 0
-2.2488 0.15 0.9588 0 1 -0 1 0
-2.1593 0.15 0.8137 0 1 -0 1 0
-2.2025 0.15 0.8316 0 1 -0 1 0
-2.1711 0.15 0.9485 0 1 -0 1 0
-2.0988 0.15 0.9186 0 1 -0 1 0
-2.1593 0.15 0.8137 0 1 -0 1 0
-2.1711 0.15 0.9485 0 1 -0 1 0
-2.1222 0.15 0.7853 0 1 -0 1 0
-2.1593 0.15 0.8137 0 1 -0 1 0
-2.0988 0.15 0.9186 0 1 -0 1 0
-2.0938 0.15 0.7482 0 1 -0 1 0
-2.1222 0.15 0.7853 0 1 -0 1 0
-2.0988 0.15 0.9186 0 1 -0 1 0
-2.0366 0.15 0.8709 0 1 -0 1 0
-2.0938 0.15 0.7482 0 1 -0 1 0
-2.0988 0.15 0.9186 0 1 -0 1 0
-2.0759 0.15 0.7051 0 1 -0 1 0
-2.0938 0.15 0.7482 0 1 -0 1 0
-2.0366 0.15 0.8709 0 1 -0 1 0
-2.0688 0.15 0.6509 0 1 -0 1 0
-2.0759 0.15 0.7051 0 1 -0 1 0
-2.0366 0.15 0.8709 0 1 -0 1 0
-2.0366 0.15 -0.8706 0 1 -0 1 0
-2.0688 0.15 0.6509 0 1 -0 1 0
-2.0366 0.15 0.8709 0 1 -0 1 0
-1.989 0.15 -0.8085 0 1 -0 1 0
-2.0366 0.15 -0.8706 0 1 -0 1 0
-2.0366 0.15 0.8709 0 1 -0 1 0
-1.989 0.15 0.8088 0 1 -0 1 0
-1.989 0.15 -0.8085 0 1 -0 1 0
-2.0366 0.15 0.8709 0 1 -0 1 0
-1.959 0.15 -0.7361 0 1 -0 1 0
-1.989 0.15 -0.8085 0 1 -0 1 0
-1.989 0.15 0.8088 0 1 -0 1 0
-1.959 0.15 0.7364 0 1 -0 1 0
-1.959 0.15 -0.7361 0 1 -0 1 0
-1.989 0.15 0.8088 0 1 -0 1 0
-1.9488 0.15 -0.6585 0 1 -0 1 0
-1.959 0.15 -0.7361 0 1 -0 1 0
-1.959 0.15 0.7364 0 1 -0 1 0
-1.9488 0.15 -0.1498 0 1 -0 1 0
-1.9488 0.15 -0.6585 0 1 -0 1 0
-1.959 0.15 0.7364 0 1 -0 1 0
-1.9488 0.15 -0.1498 0 1 -0 1 0
-1.9488 0.15 0.1502 0 1 -0 1 0
3.008 0.15 -0.1498 0 1 -0 1 0
3.008 0.15 0.1502 0 1 -0 1 0
3.008 0.15 -0.1498 0 1 -0 1 0
-1.9488 0.15 0.1502 0 1 -0 1 0
-1.9488 0.15 0.6588 0 1 -0 1 0
-1.9488 0.15 0.1502 0 1 -0 1 0
-1.959 0.15 0.7364 0 1 -0 1 0
-1.9488 0.15 -0.1498 0 1 -0 1 0
-1.959 0.15 0.7364 0 1 -0 1 0
-1.9488 0.15 0.1502 0 1 -0 1 0
-2.2488 -0.15 -0.9585 0 1 0 0 -1
-4.1455 -0.15 -0.9585 0 1 0 0 -1
-2.2488 0.15 -0.9585 0 1 0 0 -1
-4.1455 -0.06 -0.9585 0 1 0 0 -1
-2.2488 0.15 -0.9585 0 1 0 0 -1
-4.1455 -0.15 -0.9585 0 1 0 0 -1
-4.1455 -0.06 -0.9585 0 1 -0.11 0.9939 0
-4.1455 -0.06 -0.8385 0 1 -0.11 0.9939 0
-2.2488 0.15 -0.9585 0 1 -0.11 0.9939 0
-4.1455 -0.06 -0.8385 0 1 -0.1105 0.9939 -0.0072
-2.2566 0.15 -0.8385 0 1 -0.1105 0.9939 -0.0072
-2.2488 0.15 -0.9585 0 1 -0.1105 0.9939 -0.0072
-4.1455 -0.06 -0.9585 0 1 -1 -0 0
-4.1455 -0.15 -0.9585 0 1 -1 -0 0
-4.1455 -0.06 -0.8385 0 1 -1 -0 0
-4.1455 -0.15 0.9588 0 1 -1 -0 0
-4.1455 -0.06 -0.8385 0 1 -1 -0 0
-4.1455 -0.15 -0.9585 0 1 -1 -0 0
-4.1455 -0.06 0.8388 0 1 -1 -0 0
-4.1455 -0.06 -0.8385 0 1 -1 -0 0
-4.1455 -0.15 0.9588 0 1 -1 -0 0
-4.1455 -0.06 0.9588 0 1 -1 -0 0
-4.1455 -0.06 0.8388 0 1 -1 -0 0
-4.1455 -0.15 0.9588 0 1 -1 -0 0
-4.1455 -0.06 -0.8385 0 1 0 0 1
-2.2566 -0.06 -0.8385 0 1 0 0 1
-2.2566 0.15 -0.8385 0 1 0 0 1
-4.1455 -0.15 0.9588 0 1 0 0 1
-2.2488 -0.15 0.9588 0 1 0 0 1
-4.1455 -0.06 0.9588 0 1 0 0 1
-2.2488 0.15 0.9588 0 1 0 0 1
-4.1455 -0.06 0.9588 0 1 0 0 1
-2.2488 -0.15 0.9588 0 1 0 0 1
-2.2566 -0.06 0.8388 0 1 0 0 -1
-4.1455 -0.06 0.8388 0 1 0 0 -1
-2.2566 0.15 0.8388 0 1 0 0 -1
-4.1455 -0.06 0.8388 0 1 -0.11 0.9939 0
-4.1455 -0.06 0.9588 0 1 -0.11 0.9939 0
-2.2566 0.15 0.8388 0 1 -0.11 0.9939 0
-2.2566 0.15 0.8388 0 1 -0.11 0.9939 0.0072
-4.1455 -0.06 0.9588 0 1 -0.11 0.9939 0.0072
-2.2488 0.15 0.9588 0 1 -0.11 0.9939 0.0072
