Vertex Count: 1296

Data:

-0.1382 0.3996 -0.239 0.492 0.813 0.7257 0.6227 -0.2924
-0.1451 0.3916 -0.2422 0.4886 0.8127 -0.0537 -0.9107 -0.4097
-0.2362 0.4434 -0.3533 0.4907 0.7625 -0.5975 0.3037 -0.7421
-0.1451 0.3916 -0.2422 0.4886 0.8127 -0.0537 -0.9107 -0.4097
-0.1476 0.3981 -0.2336 0.4917 0.8131 -0.6761 0.3299 0.6589
-0.2362 0.4434 -0.3533 0.4907 0.7625 -0.5975 0.3037 -0.7421
-0.1476 0.3981 -0.2336 0.4917 0.8131 -0.6761 0.3299 0.6589
-0.1382 0.3996 -0.239 0.492 0.813 0.7257 0.6227 -0.2924
-0.2362 0.4434 -0.3533 0.4907 0.7625 -0.5975 0.3037 -0.7421
-0.0711 0.3513 -0.1515 0.4915 0.8643 0.7821 0.5875 -0.2077
-0.0771 0.3443 -0.1542 0.4885 0.8639 -0.1046 -0.8769 -0.4692
-0.1451 0.3916 -0.2422 0.4886 0.8127 -0.0537 -0.9107 -0.4097
-0.1451 0.3916 -0.2422 0.4886 0.8127 -0.0537 -0.9107 -0.4097
-0.1382 0.3996 -0.239 0.492 0.813 0.7257 0.6227 -0.2924
-0.0711 0.3513 -0.1515 0.4915 0.8643 0.7821 0.5875 -0.2077
-0.1451 0.3916 -0.2422 0.4886 0.8127 -0.0537 -0.9107 -0.4097
-0.0771 0.3443 -0.1542 0.4885 0.8639 -0.1046 -0.8769 -0.4692
-0.0793 0.35 -0.1468 0.4913 0.8641 -0.6455 0.3261 0.6907
-0.0793 0.35 -0.1468 0.4913 0.8641 -0.6455 0.3261 0.6907
-0.1476 0.3981 -0.2336 0.4917 0.8131 -0.6761 0.3299 0.6589
-0.1451 0.3916 -0.2422 0.4886 0.8127 -0.0537 -0.9107 -0.4097
-0.0793 0.35 -0.1468 0.4913 0.8641 -0.6455 0.3261 0.6907
-0.0711 0.3513 -0.1515 0.4915 0.8643 0.7821 0.5875 -0.2077
-0.1382 0.3996 -0.239 0.492 0.813 0.7257 0.6227 -0.2924
-0.1382 0.3996 -0.239 0.492 0.813 0.7257 0.6227 -0.2924
-0.1476 0.3981 -0.2336 0.4917 0.8131 -0.6761 0.3299 0.6589
-0.0793 0.35 -0.1468 0.4913 0.8641 -0.6455 0.3261 0.6907
0.0069 0.2627 -0.0289 0.491 0.8858 -0.2486 -0.0715 0.966
0.0151 0.264 -0.0337 0.4912 0.8862 0.9586 0.1274 0.2547
-0.0711 0.3513 -0.1515 0.4915 0.8643 0.7821 0.5875 -0.2077
-0.0711 0.3513 -0.1515 0.4915 0.8643 0.7821 0.5875 -0.2077
-0.0793 0.35 -0.1468 0.4913 0.8641 -0.6455 0.3261 0.6907
0.0069 0.2627 -0.0289 0.491 0.8858 -0.2486 -0.0715 0.966
-0.0793 0.35 -0.1468 0.4913 0.8641 -0.6455 0.3261 0.6907
-0.0771 0.3443 -0.1542 0.4885 0.8639 -0.1046 -0.8769 -0.4692
0.0091 0.2571 -0.0364 0.4883 0.8857 0.107 -0.9881 -0.1104
0.0091 0.2571 -0.0364 0.4883 0.8857 0.107 -0.9881 -0.1104
0.0069 0.2627 -0.0289 0.491 0.8858 -0.2486 -0.0715 0.966
-0.0793 0.35 -0.1468 0.4913 0.8641 -0.6455 0.3261 0.6907
-0.0771 0.3443 -0.1542 0.4885 0.8639 -0.1046 -0.8769 -0.4692
-0.0711 0.3513 -0.1515 0.4915 0.8643 0.7821 0.5875 -0.2077
0.0151 0.264 -0.0337 0.4912 0.8862 0.9586 0.1274 0.2547
0.0151 0.264 -0.0337 0.4912 0.8862 0.9586 0.1274 0.2547
0.0091 0.2571 -0.0364 0.4883 0.8857 0.107 -0.9881 -0.1104
-0.0771 0.3443 -0.1542 0.4885 0.8639 -0.1046 -0.8769 -0.4692
0.0091 0.2571 -0.0364 0.4883 0.8857 0.107 -0.9881 -0.1104
0.0151 0.264 -0.0337 0.4912 0.8862 0.9586 0.1274 0.2547
0.0103 0.2613 -0.033 0.4902 0.8859 0.4602 -0.6357 0.6198
0.0069 0.2627 -0.0289 0.491 0.8858 -0.2486 -0.0715 0.966
0.0091 0.2571 -0.0364 0.4883 0.8857 0.107 -0.9881 -0.1104
0.0103 0.2613 -0.033 0.4902 0.8859 0.4602 -0.6357 0.6198
0.0103 0.2613 -0.033 0.4902 0.8859 0.4602 -0.6357 0.6198
0.0151 0.264 -0.0337 0.4912 0.8862 0.9586 0.1274 0.2547
0.0069 0.2627 -0.0289 0.491 0.8858 -0.2486 -0.0715 0.966
-0.1795 0.4002 0.1439 0.492 0.813 -0.3671 0.6227 -0.691
-0.1819 0.3922 0.1511 0.4886 0.8127 -0.4017 -0.9107 0.0965
-0.2828 0.444 0.2533 0.4907 0.7625 -0.6754 0.3037 0.6721
-0.1819 0.3922 0.1511 0.4886 0.8127 -0.4017 -0.9107 0.0965
-0.1731 0.3987 0.1527 0.4917 0.8131 0.7263 0.3299 0.603
-0.2828 0.444 0.2533 0.4907 0.7625 -0.6754 0.3037 0.6721
-0.1731 0.3987 0.1527 0.4917 0.8131 0.7263 0.3299 0.603
-0.1795 0.4002 0.1439 0.492 0.813 -0.3671 0.6227 -0.691
-0.2828 0.444 0.2533 0.4907 0.7625 -0.6754 0.3037 0.6721
-0.1819 0.3922 0.1511 0.4886 0.8127 -0.4017 -0.9107 0.0965
-0.1795 0.4002 0.1439 0.492 0.813 -0.3671 0.6227 -0.691
-0.0996 0.3519 0.0679 0.4915 0.8643 -0.2888 0.5876 -0.7559
-0.0996 0.3519 0.0679 0.4915 0.8643 -0.2888 0.5876 -0.7559
-0.1016 0.3449 0.0742 0.4885 0.8639 -0.4556 -0.8769 0.1533
-0.1819 0.3922 0.1511 0.4886 0.8127 -0.4017 -0.9107 0.0965
-0.094 0.3506 0.0756 0.4913 0.8641 0.7547 0.326 0.5693
-0.1731 0.3987 0.1527 0.4917 0.8131 0.7263 0.3299 0.603
-0.1819 0.3922 0.1511 0.4886 0.8127 -0.4017 -0.9107 0.0965
-0.1819 0.3922 0.1511 0.4886 0.8127 -0.4017 -0.9107 0.0965
-0.1016 0.3449 0.0742 0.4885 0.8639 -0.4556 -0.8769 0.1533
-0.094 0.3506 0.0756 0.4913 0.8641 0.7547 0.326 0.5693
-0.1795 0.4002 0.1439 0.492 0.813 -0.3671 0.6227 -0.691
-0.1731 0.3987 0.1527 0.4917 0.8131 0.7263 0.3299 0.603
-0.094 0.3506 0.0756 0.4913 0.8641 0.7547 0.326 0.5693
-0.094 0.3506 0.0756 0.4913 0.8641 0.7547 0.326 0.5693
-0.0996 0.3519 0.0679 0.4915 0.8643 -0.2888 0.5876 -0.7559
-0.1795 0.4002 0.1439 0.492 0.813 -0.3671 0.6227 -0.691
-0.094 0.3506 0.0756 0.4913 0.8641 0.7547 0.326 0.5693
0.0141 0.2633 -0.0225 0.491 0.8858 0.9867 -0.0715 0.1457
0.0086 0.2646 -0.0301 0.4912 0.8862 0.1525 0.1274 -0.98
0.0086 0.2646 -0.0301 0.4912 0.8862 0.1525 0.1274 -0.98
-0.0996 0.3519 0.0679 0.4915 0.8643 -0.2888 0.5876 -0.7559
-0.094 0.3506 0.0756 0.4913 0.8641 0.7547 0.326 0.5693
-0.094 0.3506 0.0756 0.4913 0.8641 0.7547 0.326 0.5693
-0.1016 0.3449 0.0742 0.4885 0.8639 -0.4556 -0.8769 0.1533
0.0065 0.2577 -0.0239 0.4883 0.8857 -0.121 -0.9881 -0.0948
0.0065 0.2577 -0.0239 0.4883 0.8857 -0.121 -0.9881 -0.0948
0.0141 0.2633 -0.0225 0.491 0.8858 0.9867 -0.0715 0.1457
-0.094 0.3506 0.0756 0.4913 0.8641 0.7547 0.326 0.5693
0.0065 0.2577 -0.0239 0.4883 0.8857 -0.121 -0.9881 -0.0948
-0.1016 0.3449 0.0742 0.4885 0.8639 -0.4556 -0.8769 0.1533
-0.0996 0.3519 0.0679 0.4915 0.8643 -0.2888 0.5876 -0.7559
-0.0996 0.3519 0.0679 0.4915 0.8643 -0.2888 0.5876 -0.7559
0.0086 0.2646 -0.0301 0.4912 0.8862 0.1525 0.1274 -0.98
0.0065 0.2577 -0.0239 0.4883 0.8857 -0.121 -0.9881 -0.0948
0.0065 0.2577 -0.0239 0.4883 0.8857 -0.121 -0.9881 -0.0948
0.0086 0.2646 -0.0301 0.4912 0.8862 0.1525 0.1274 -0.98
0.0097 0.2619 -0.0255 0.4902 0.8859 0.568 -0.6356 -0.5228
0.0141 0.2633 -0.0225 0.491 0.8858 0.9867 -0.0715 0.1457
0.0065 0.2577 -0.0239 0.4883 0.8857 -0.121 -0.9881 -0.0948
0.0097 0.2619 -0.0255 0.4902 0.8859 0.568 -0.6356 -0.5228
0.0097 0.2619 -0.0255 0.4902 0.8859 0.568 -0.6356 -0.5228
0.0086 0.2646 -0.0301 0.4912 0.8862 0.1525 0.1274 -0.98
0.0141 0.2633 -0.0225 0.491 0.8858 0.9867 -0.0715 0.1457
0.1918 0.3934 0.1599 0.492 0.813 -0.682 0.6228 0.3834
0.1991 0.3855 0.1621 0.4886 0.8127 0.106 -0.9106 0.3994
0.3037 0.4373 0.2605 0.4907 0.7625 0.6883 0.3034 0.6589
0.1991 0.3855 0.1621 0.4886 0.8127 0.106 -0.9106 0.3994
0.2004 0.3919 0.1533 0.4917 0.8131 0.5856 0.3299 -0.7404
0.3037 0.4373 0.2605 0.4907 0.7625 0.6883 0.3034 0.6589
0.2004 0.3919 0.1533 0.4917 0.8131 0.5856 0.3299 -0.7404
0.1918 0.3934 0.1599 0.492 0.813 -0.682 0.6228 0.3834
0.3037 0.4373 0.2605 0.4907 0.7625 0.6883 0.3034 0.6589
0.1139 0.3451 0.0818 0.4915 0.8643 -0.7488 0.5875 0.3067
0.1202 0.3382 0.0836 0.4885 0.8639 0.1641 -0.8769 0.4518
0.1991 0.3855 0.1621 0.4886 0.8127 0.106 -0.9106 0.3994
0.1991 0.3855 0.1621 0.4886 0.8127 0.106 -0.9106 0.3994
0.1918 0.3934 0.1599 0.492 0.813 -0.682 0.6228 0.3834
0.1139 0.3451 0.0818 0.4915 0.8643 -0.7488 0.5875 0.3067
0.2004 0.3919 0.1533 0.4917 0.8131 0.5856 0.3299 -0.7404
0.1991 0.3855 0.1621 0.4886 0.8127 0.106 -0.9106 0.3994
0.1202 0.3382 0.0836 0.4885 0.8639 0.1641 -0.8769 0.4518
0.1202 0.3382 0.0836 0.4885 0.8639 0.1641 -0.8769 0.4518
0.1215 0.3438 0.076 0.4913 0.8641 0.5511 0.326 -0.7681
0.2004 0.3919 0.1533 0.4917 0.8131 0.5856 0.3299 -0.7404
0.1139 0.3451 0.0818 0.4915 0.8643 -0.7488 0.5875 0.3067
0.1918 0.3934 0.1599 0.492 0.813 -0.682 0.6228 0.3834
0.2004 0.3919 0.1533 0.4917 0.8131 0.5856 0.3299 -0.7404
0.2004 0.3919 0.1533 0.4917 0.8131 0.5856 0.3299 -0.7404
0.1215 0.3438 0.076 0.4913 0.8641 0.5511 0.326 -0.7681
0.1139 0.3451 0.0818 0.4915 0.8643 -0.7488 0.5875 0.3067
0.1215 0.3438 0.076 0.4913 0.8641 0.5511 0.326 -0.7681
0.0209 0.2566 -0.0297 0.491 0.8858 0.1221 -0.0715 -0.9899
0.0133 0.2579 -0.024 0.4912 0.8862 -0.9834 0.1274 -0.1291
0.0133 0.2579 -0.024 0.4912 0.8862 -0.9834 0.1274 -0.1291
0.1139 0.3451 0.0818 0.4915 0.8643 -0.7488 0.5875 0.3067
0.1215 0.3438 0.076 0.4913 0.8641 0.5511 0.326 -0.7681
0.0209 0.2566 -0.0297 0.491 0.8858 0.1221 -0.0715 -0.9899
0.1215 0.3438 0.076 0.4913 0.8641 0.5511 0.326 -0.7681
0.1202 0.3382 0.0836 0.4885 0.8639 0.1641 -0.8769 0.4518
0.1202 0.3382 0.0836 0.4885 0.8639 0.1641 -0.8769 0.4518
0.0196 0.2509 -0.0221 0.4883 0.8857 -0.0919 -0.9881 0.1232
0.0209 0.2566 -0.0297 0.491 0.8858 0.1221 -0.0715 -0.9899
0.1139 0.3451 0.0818 0.4915 0.8643 -0.7488 0.5875 0.3067
0.0133 0.2579 -0.024 0.4912 0.8862 -0.9834 0.1274 -0.1291
0.0196 0.2509 -0.0221 0.4883 0.8857 -0.0919 -0.9881 0.1232
0.0196 0.2509 -0.0221 0.4883 0.8857 -0.0919 -0.9881 0.1232
0.1202 0.3382 0.0836 0.4885 0.8639 0.1641 -0.8769 0.4518
0.1139 0.3451 0.0818 0.4915 0.8643 -0.7488 0.5875 0.3067
0.0196 0.2509 -0.0221 0.4883 0.8857 -0.0919 -0.9881 0.1232
0.0133 0.2579 -0.024 0.4912 0.8862 -0.9834 0.1274 -0.1291
0.0179 0.2551 -0.0253 0.4902 0.8859 -0.5363 -0.6356 -0.5554
0.0209 0.2566 -0.0297 0.491 0.8858 0.1221 -0.0715 -0.9899
0.0196 0.2509 -0.0221 0.4883 0.8857 -0.0919 -0.9881 0.1232
0.0179 0.2551 -0.0253 0.4902 0.8859 -0.5363 -0.6356 -0.5554
0.0179 0.2551 -0.0253 0.4902 0.8859 -0.5363 -0.6356 -0.5554
0.0133 0.2579 -0.024 0.4912 0.8862 -0.9834 0.1274 -0.1291
0.0209 0.2566 -0.0297 0.491 0.8858 0.1221 -0.0715 -0.9899
0.2191 0.3894 -0.1876 0.492 0.813 0.3158 0.6227 0.7159
0.222 0.3815 -0.1947 0.4886 0.8127 0.4077 -0.9107 -0.067
0.3301 0.4333 -0.2893 0.4907 0.7625 0.7228 0.3037 -0.6207
0.222 0.3815 -0.1947 0.4886 0.8127 0.4077 -0.9107 -0.067
0.2134 0.3879 -0.1969 0.4917 0.8131 -0.6805 0.3299 -0.6543
0.3301 0.4333 -0.2893 0.4907 0.7625 0.7228 0.3037 -0.6207
0.2134 0.3879 -0.1969 0.4917 0.8131 -0.6805 0.3299 -0.6543
0.2191 0.3894 -0.1876 0.492 0.813 0.3158 0.6227 0.7159
0.3301 0.4333 -0.2893 0.4907 0.7625 0.7228 0.3037 -0.6207
0.222 0.3815 -0.1947 0.4886 0.8127 0.4077 -0.9107 -0.067
0.2191 0.3894 -0.1876 0.492 0.813 0.3158 0.6227 0.7159
0.1338 0.3411 -0.1177 0.4915 0.8643 0.2329 0.5876 0.7749
0.1338 0.3411 -0.1177 0.4915 0.8643 0.2329 0.5876 0.7749
0.1363 0.3342 -0.1238 0.4885 0.8639 0.4656 -0.8769 -0.1198
0.222 0.3815 -0.1947 0.4886 0.8127 0.4077 -0.9107 -0.067
0.1288 0.3398 -0.1258 0.4913 0.8641 -0.7113 0.326 -0.6228
0.2134 0.3879 -0.1969 0.4917 0.8131 -0.6805 0.3299 -0.6543
0.222 0.3815 -0.1947 0.4886 0.8127 0.4077 -0.9107 -0.067
0.222 0.3815 -0.1947 0.4886 0.8127 0.4077 -0.9107 -0.067
0.1363 0.3342 -0.1238 0.4885 0.8639 0.4656 -0.8769 -0.1198
0.1288 0.3398 -0.1258 0.4913 0.8641 -0.7113 0.326 -0.6228
0.2191 0.3894 -0.1876 0.492 0.813 0.3158 0.6227 0.7159
0.2134 0.3879 -0.1969 0.4917 0.8131 -0.6805 0.3299 -0.6543
0.1288 0.3398 -0.1258 0.4913 0.8641 -0.7113 0.326 -0.6228
0.1288 0.3398 -0.1258 0.4913 0.8641 -0.7113 0.326 -0.6228
0.1338 0.3411 -0.1177 0.4915 0.8643 0.2329 0.5876 0.7749
0.2191 0.3894 -0.1876 0.492 0.813 0.3158 0.6227 0.7159
0.1288 0.3398 -0.1258 0.4913 0.8641 -0.7113 0.326 -0.6228
0.0138 0.2526 -0.0358 0.491 0.8858 -0.9735 -0.0715 -0.2171
0.0188 0.2539 -0.0278 0.4912 0.8862 -0.2235 0.1273 0.9664
0.0188 0.2539 -0.0278 0.4912 0.8862 -0.2235 0.1273 0.9664
0.1338 0.3411 -0.1177 0.4915 0.8643 0.2329 0.5876 0.7749
0.1288 0.3398 -0.1258 0.4913 0.8641 -0.7113 0.326 -0.6228
0.1288 0.3398 -0.1258 0.4913 0.8641 -0.7113 0.326 -0.6228
0.1363 0.3342 -0.1238 0.4885 0.8639 0.4656 -0.8769 -0.1198
0.0213 0.247 -0.0339 0.4883 0.8857 0.1138 -0.9881 0.1033
0.0213 0.247 -0.0339 0.4883 0.8857 0.1138 -0.9881 0.1033
0.0138 0.2526 -0.0358 0.491 0.8858 -0.9735 -0.0715 -0.2171
0.1288 0.3398 -0.1258 0.4913 0.8641 -0.7113 0.326 -0.6228
0.0213 0.247 -0.0339 0.4883 0.8857 0.1138 -0.9881 0.1033
0.1363 0.3342 -0.1238 0.4885 0.8639 0.4656 -0.8769 -0.1198
0.1338 0.3411 -0.1177 0.4915 0.8643 0.2329 0.5876 0.7749
0.1338 0.3411 -0.1177 0.4915 0.8643 0.2329 0.5876 0.7749
0.0188 0.2539 -0.0278 0.4912 0.8862 -0.2235 0.1273 0.9664
0.0213 0.247 -0.0339 0.4883 0.8857 0.1138 -0.9881 0.1033
0.0213 0.247 -0.0339 0.4883 0.8857 0.1138 -0.9881 0.1033
0.0188 0.2539 -0.0278 0.4912 0.8862 -0.2235 0.1273 0.9664
0.018 0.2512 -0.0325 0.4902 0.8859 -0.6045 -0.6357 0.48
0.0138 0.2526 -0.0358 0.491 0.8858 -0.9735 -0.0715 -0.2171
0.0213 0.247 -0.0339 0.4883 0.8857 0.1138 -0.9881 0.1033
0.018 0.2512 -0.0325 0.4902 0.8859 -0.6045 -0.6357 0.48
0.018 0.2512 -0.0325 0.4902 0.8859 -0.6045 -0.6357 0.48
0.0188 0.2539 -0.0278 0.4912 0.8862 -0.2235 0.1273 0.9664
0.0138 0.2526 -0.0358 0.491 0.8858 -0.9735 -0.0715 -0.2171
0.1469 0.6637 -0.0228 0.492 0.813 -0.6285 0.4383 0.6425
0.1594 0.6592 -0.0255 0.4886 0.8127 0.7855 -0.4939 0.3729
0.2809 0.8037 -0.0409 0.4907 0.7625 0.6693 0.7399 -0.0672
0.1594 0.6592 -0.0255 0.4886 0.8127 0.7855 -0.4939 0.3729
0.151 0.6625 -0.0357 0.4917 0.8131 -0.2303 0.1695 -0.9582
0.2809 0.8037 -0.0409 0.4907 0.7625 0.6693 0.7399 -0.0672
0.151 0.6625 -0.0357 0.4917 0.8131 -0.2303 0.1695 -0.9582
0.1469 0.6637 -0.0228 0.492 0.813 -0.6285 0.4383 0.6425
0.2809 0.8037 -0.0409 0.4907 0.7625 0.6693 0.7399 -0.0672
0.069 0.4939 -0.0268 0.4915 0.8643 -0.7297 0.254 0.6348
0.0799 0.4898 -0.0292 0.4885 0.8639 0.8908 -0.319 0.3236
0.1594 0.6592 -0.0255 0.4886 0.8127 0.7855 -0.4939 0.3729
0.1594 0.6592 -0.0255 0.4886 0.8127 0.7855 -0.4939 0.3729
0.1469 0.6637 -0.0228 0.492 0.813 -0.6285 0.4383 0.6425
0.069 0.4939 -0.0268 0.4915 0.8643 -0.7297 0.254 0.6348
0.151 0.6625 -0.0357 0.4917 0.8131 -0.2303 0.1695 -0.9582
0.1594 0.6592 -0.0255 0.4886 0.8127 0.7855 -0.4939 0.3729
0.0799 0.4898 -0.0292 0.4885 0.8639 0.8908 -0.319 0.3236
0.0799 0.4898 -0.0292 0.4885 0.8639 0.8908 -0.319 0.3236
0.0726 0.4928 -0.038 0.4913 0.8641 -0.2328 0.0821 -0.9691
0.151 0.6625 -0.0357 0.4917 0.8131 -0.2303 0.1695 -0.9582
0.069 0.4939 -0.0268 0.4915 0.8643 -0.7297 0.254 0.6348
0.1469 0.6637 -0.0228 0.492 0.813 -0.6285 0.4383 0.6425
0.151 0.6625 -0.0357 0.4917 0.8131 -0.2303 0.1695 -0.9582
0.151 0.6625 -0.0357 0.4917 0.8131 -0.2303 0.1695 -0.9582
0.0726 0.4928 -0.038 0.4913 0.8641 -0.2328 0.0821 -0.9691
0.069 0.4939 -0.0268 0.4915 0.8643 -0.7297 0.254 0.6348
0.0726 0.4928 -0.038 0.4913 0.8641 -0.2328 0.0821 -0.9691
0.0126 0.2573 -0.0348 0.491 0.8858 -0.3061 -0.4772 -0.8238
0.009 0.2584 -0.0236 0.4912 0.8862 -0.7495 -0.3437 0.5658
0.009 0.2584 -0.0236 0.4912 0.8862 -0.7495 -0.3437 0.5658
0.069 0.4939 -0.0268 0.4915 0.8643 -0.7297 0.254 0.6348
0.0726 0.4928 -0.038 0.4913 0.8641 -0.2328 0.0821 -0.9691
0.0126 0.2573 -0.0348 0.491 0.8858 -0.3061 -0.4772 -0.8238
0.0726 0.4928 -0.038 0.4913 0.8641 -0.2328 0.0821 -0.9691
0.0799 0.4898 -0.0292 0.4885 0.8639 0.8908 -0.319 0.3236
0.0799 0.4898 -0.0292 0.4885 0.8639 0.8908 -0.319 0.3236
0.0199 0.2543 -0.026 0.4883 0.8857 0.579 -0.7733 0.2585
0.0126 0.2573 -0.0348 0.491 0.8858 -0.3061 -0.4772 -0.8238
0.0199 0.2543 -0.026 0.4883 0.8857 0.579 -0.7733 0.2585
0.0799 0.4898 -0.0292 0.4885 0.8639 0.8908 -0.319 0.3236
0.069 0.4939 -0.0268 0.4915 0.8643 -0.7297 0.254 0.6348
0.069 0.4939 -0.0268 0.4915 0.8643 -0.7297 0.254 0.6348
0.009 0.2584 -0.0236 0.4912 0.8862 -0.7495 -0.3437 0.5658
0.0199 0.2543 -0.026 0.4883 0.8857 0.579 -0.7733 0.2585
0.0199 0.2543 -0.026 0.4883 0.8857 0.579 -0.7733 0.2585
0.009 0.2584 -0.0236 0.4912 0.8862 -0.7495 -0.3437 0.5658
0.0138 0.2567 -0.0281 0.4902 0.8859 -0.3549 -0.9347 -0.0224
0.0126 0.2573 -0.0348 0.491 0.8858 -0.3061 -0.4772 -0.8238
0.0199 0.2543 -0.026 0.4883 0.8857 0.579 -0.7733 0.2585
0.0138 0.2567 -0.0281 0.4902 0.8859 -0.3549 -0.9347 -0.0224
0.0138 0.2567 -0.0281 0.4902 0.8859 -0.3549 -0.9347 -0.0224
0.009 0.2584 -0.0236 0.4912 0.8862 -0.7495 -0.3437 0.5658
0.0126 0.2573 -0.0348 0.491 0.8858 -0.3061 -0.4772 -0.8238
0.0118 0.5124 0.0661 0.492 0.813 -0.6705 0.4271 -0.6066
0.0153 0.5078 0.0784 0.4886 0.8127 -0.2876 -0.5292 0.7983
0.0186 0.6516 0.2016 0.4907 0.7625 0.0065 0.7349 0.6781
0.0153 0.5078 0.0784 0.4886 0.8127 -0.2876 -0.5292 0.7983
0.025 0.5112 0.0694 0.4917 0.8131 0.943 0.206 -0.2613
0.0186 0.6516 0.2016 0.4907 0.7625 0.0065 0.7349 0.6781
0.025 0.5112 0.0694 0.4917 0.8131 0.943 0.206 -0.2613
0.0118 0.5124 0.0661 0.492 0.813 -0.6705 0.4271 -0.6066
0.0186 0.6516 0.2016 0.4907 0.7625 0.0065 0.7349 0.6781
0.0153 0.5078 0.0784 0.4886 0.8127 -0.2876 -0.5292 0.7983
0.0118 0.5124 0.0661 0.492 0.813 -0.6705 0.4271 -0.6066
0.0109 0.3425 -0.0119 0.4915 0.8643 -0.6836 0.2443 -0.6878
0.0109 0.3425 -0.0119 0.4915 0.8643 -0.6836 0.2443 -0.6878
0.014 0.3384 -0.0012 0.4885 0.8639 -0.275 -0.322 0.9059
0.0153 0.5078 0.0784 0.4886 0.8127 -0.2876 -0.5292 0.7983
0.025 0.5112 0.0694 0.4917 0.8131 0.943 0.206 -0.2613
0.0153 0.5078 0.0784 0.4886 0.8127 -0.2876 -0.5292 0.7983
0.014 0.3384 -0.0012 0.4885 0.8639 -0.275 -0.322 0.9059
0.014 0.3384 -0.0012 0.4885 0.8639 -0.275 -0.322 0.9059
0.0224 0.3414 -0.009 0.4913 0.8641 0.9519 0.0952 -0.2913
0.025 0.5112 0.0694 0.4917 0.8131 0.943 0.206 -0.2613
0.0118 0.5124 0.0661 0.492 0.813 -0.6705 0.4271 -0.6066
0.025 0.5112 0.0694 0.4917 0.8131 0.943 0.206 -0.2613
0.0224 0.3414 -0.009 0.4913 0.8641 0.9519 0.0952 -0.2913
0.0224 0.3414 -0.009 0.4913 0.8641 0.9519 0.0952 -0.2913
0.0109 0.3425 -0.0119 0.4915 0.8643 -0.6836 0.2443 -0.6878
0.0118 0.5124 0.0661 0.492 0.813 -0.6705 0.4271 -0.6066
0.0224 0.3414 -0.009 0.4913 0.8641 0.9519 0.0952 -0.2913
0.0224 0.2604 -0.0295 0.491 0.8858 0.8104 -0.4679 -0.3526
0.0109 0.2615 -0.0324 0.4912 0.8862 -0.6016 -0.3506 -0.7178
0.0109 0.2615 -0.0324 0.4912 0.8862 -0.6016 -0.3506 -0.7178
0.0109 0.3425 -0.0119 0.4915 0.8643 -0.6836 0.2443 -0.6878
0.0224 0.3414 -0.009 0.4913 0.8641 0.9519 0.0952 -0.2913
0.0224 0.3414 -0.009 0.4913 0.8641 0.9519 0.0952 -0.2913
0.014 0.3384 -0.0012 0.4885 0.8639 -0.275 -0.322 0.9059
0.014 0.2574 -0.0217 0.4883 0.8857 -0.2095 -0.7761 0.5948
0.014 0.2574 -0.0217 0.4883 0.8857 -0.2095 -0.7761 0.5948
0.0224 0.2604 -0.0295 0.491 0.8858 0.8104 -0.4679 -0.3526
0.0224 0.3414 -0.009 0.4913 0.8641 0.9519 0.0952 -0.2913
0.014 0.2574 -0.0217 0.4883 0.8857 -0.2095 -0.7761 0.5948
0.014 0.3384 -0.0012 0.4885 0.8639 -0.275 -0.322 0.9059
0.0109 0.3425 -0.0119 0.4915 0.8643 -0.6836 0.2443 -0.6878
0.0109 0.3425 -0.0119 0.4915 0.8643 -0.6836 0.2443 -0.6878
0.0109 0.2615 -0.0324 0.4912 0.8862 -0.6016 -0.3506 -0.7178
0.014 0.2574 -0.0217 0.4883 0.8857 -0.2095 -0.7761 0.5948
0.014 0.2574 -0.0217 0.4883 0.8857 -0.2095 -0.7761 0.5948
0.0109 0.2615 -0.0324 0.4912 0.8862 -0.6016 -0.3506 -0.7178
0.0158 0.2598 -0.0279 0.4902 0.8859 -0 -0.9347 -0.3556
0.0224 0.2604 -0.0295 0.491 0.8858 0.8104 -0.4679 -0.3526
0.014 0.2574 -0.0217 0.4883 0.8857 -0.2095 -0.7761 0.5948
0.0158 0.2598 -0.0279 0.4902 0.8859 -0 -0.9347 -0.3556
0.0158 0.2598 -0.0279 0.4902 0.8859 -0 -0.9347 -0.3556
0.0109 0.2615 -0.0324 0.4912 0.8862 -0.6016 -0.3506 -0.7178
0.0224 0.2604 -0.0295 0.491 0.8858 0.8104 -0.4679 -0.3526
-0.1217 0.6795 -0.0317 0.492 0.813 0.6285 0.4383 -0.6426
-0.1343 0.675 -0.029 0.4886 0.8127 -0.7855 -0.4939 -0.3728
-0.2557 0.8195 -0.0136 0.4907 0.7625 -0.6695 0.7398 0.067
-0.1343 0.675 -0.029 0.4886 0.8127 -0.7855 -0.4939 -0.3728
-0.1259 0.6783 -0.0188 0.4917 0.8131 0.2303 0.1695 0.9582
-0.2557 0.8195 -0.0136 0.4907 0.7625 -0.6695 0.7398 0.067
-0.1259 0.6783 -0.0188 0.4917 0.8131 0.2303 0.1695 0.9582
-0.1217 0.6795 -0.0317 0.492 0.813 0.6285 0.4383 -0.6426
-0.2557 0.8195 -0.0136 0.4907 0.7625 -0.6695 0.7398 0.067
-0.1343 0.675 -0.029 0.4886 0.8127 -0.7855 -0.4939 -0.3728
-0.1217 0.6795 -0.0317 0.492 0.813 0.6285 0.4383 -0.6426
-0.0438 0.5097 -0.0277 0.4915 0.8643 0.7297 0.254 -0.6349
-0.0438 0.5097 -0.0277 0.4915 0.8643 0.7297 0.254 -0.6349
-0.0547 0.5056 -0.0253 0.4885 0.8639 -0.8908 -0.319 -0.3235
-0.1343 0.675 -0.029 0.4886 0.8127 -0.7855 -0.4939 -0.3728
-0.0474 0.5086 -0.0164 0.4913 0.8641 0.2328 0.0822 0.969
-0.1259 0.6783 -0.0188 0.4917 0.8131 0.2303 0.1695 0.9582
-0.1343 0.675 -0.029 0.4886 0.8127 -0.7855 -0.4939 -0.3728
-0.1343 0.675 -0.029 0.4886 0.8127 -0.7855 -0.4939 -0.3728
-0.0547 0.5056 -0.0253 0.4885 0.8639 -0.8908 -0.319 -0.3235
-0.0474 0.5086 -0.0164 0.4913 0.8641 0.2328 0.0822 0.969
-0.1217 0.6795 -0.0317 0.492 0.813 0.6285 0.4383 -0.6426
-0.1259 0.6783 -0.0188 0.4917 0.8131 0.2303 0.1695 0.9582
-0.0474 0.5086 -0.0164 0.4913 0.8641 0.2328 0.0822 0.969
-0.0474 0.5086 -0.0164 0.4913 0.8641 0.2328 0.0822 0.969
-0.0438 0.5097 -0.0277 0.4915 0.8643 0.7297 0.254 -0.6349
-0.1217 0.6795 -0.0317 0.492 0.813 0.6285 0.4383 -0.6426
-0.0474 0.5086 -0.0164 0.4913 0.8641 0.2328 0.0822 0.969
0.0126 0.2732 -0.0196 0.491 0.8858 0.3061 -0.4772 0.8237
0.0161 0.2742 -0.0309 0.4912 0.8862 0.7495 -0.3437 -0.5658
0.0161 0.2742 -0.0309 0.4912 0.8862 0.7495 -0.3437 -0.5658
-0.0438 0.5097 -0.0277 0.4915 0.8643 0.7297 0.254 -0.6349
-0.0474 0.5086 -0.0164 0.4913 0.8641 0.2328 0.0822 0.969
-0.0474 0.5086 -0.0164 0.4913 0.8641 0.2328 0.0822 0.969
-0.0547 0.5056 -0.0253 0.4885 0.8639 -0.8908 -0.319 -0.3235
0.0052 0.2702 -0.0285 0.4883 0.8857 -0.579 -0.7732 -0.2585
0.0052 0.2702 -0.0285 0.4883 0.8857 -0.579 -0.7732 -0.2585
0.0126 0.2732 -0.0196 0.491 0.8858 0.3061 -0.4772 0.8237
-0.0474 0.5086 -0.0164 0.4913 0.8641 0.2328 0.0822 0.969
0.0052 0.2702 -0.0285 0.4883 0.8857 -0.579 -0.7732 -0.2585
-0.0547 0.5056 -0.0253 0.4885 0.8639 -0.8908 -0.319 -0.3235
-0.0438 0.5097 -0.0277 0.4915 0.8643 0.7297 0.254 -0.6349
-0.0438 0.5097 -0.0277 0.4915 0.8643 0.7297 0.254 -0.6349
0.0161 0.2742 -0.0309 0.4912 0.8862 0.7495 -0.3437 -0.5658
0.0052 0.2702 -0.0285 0.4883 0.8857 -0.579 -0.7732 -0.2585
0.0052 0.2702 -0.0285 0.4883 0.8857 -0.579 -0.7732 -0.2585
0.0161 0.2742 -0.0309 0.4912 0.8862 0.7495 -0.3437 -0.5658
0.0113 0.2725 -0.0263 0.4902 0.8859 0.3548 -0.9347 0.0224
0.0126 0.2732 -0.0196 0.491 0.8858 0.3061 -0.4772 0.8237
0.0052 0.2702 -0.0285 0.4883 0.8857 -0.579 -0.7732 -0.2585
0.0113 0.2725 -0.0263 0.4902 0.8859 0.3548 -0.9347 0.0224
0.0113 0.2725 -0.0263 0.4902 0.8859 0.3548 -0.9347 0.0224
0.0161 0.2742 -0.0309 0.4912 0.8862 0.7495 -0.3437 -0.5658
0.0126 0.2732 -0.0196 0.491 0.8858 0.3061 -0.4772 0.8237
0.0257 -0.0084 -0.0294 0.4865 0.8017 0.7791 -0.6269 -0
0.0219 -0.0084 -0.0201 0.4877 0.8019 0.5509 -0.6269 0.5509
0.0126 -0.0084 -0.0294 0.4907 0.8017 0 -1 0
0.0202 0.2525 -0.0218 0.4901 0.7164 0.6983 0.1576 0.6983
0.0234 0.2525 -0.0294 0.489 0.7165 0.9875 0.1576 -0
0.0126 0.285 -0.0294 0.4927 0.706 -0 1 -0
0.0219 -0.0084 -0.0386 0.4877 0.8014 0.5509 -0.6269 -0.5509
0.0257 -0.0084 -0.0294 0.4865 0.8017 0.7791 -0.6269 -0
0.0126 -0.0084 -0.0294 0.4907 0.8017 0 -1 0
0.0234 0.2525 -0.0294 0.489 0.7165 0.9875 0.1576 -0
0.0202 0.2525 -0.037 0.49 0.7166 0.6983 0.1576 -0.6983
0.0126 0.285 -0.0294 0.4927 0.706 -0 1 -0
0.0126 -0.0084 -0.0425 0.4907 0.8014 -0 -0.6269 -0.7791
0.0219 -0.0084 -0.0386 0.4877 0.8014 0.5509 -0.6269 -0.5509
0.0126 -0.0084 -0.0294 0.4907 0.8017 0 -1 0
0.0202 0.2525 -0.037 0.49 0.7166 0.6983 0.1576 -0.6983
0.0126 0.2525 -0.0401 0.4924 0.7166 -0 0.1576 -0.9875
0.0126 0.285 -0.0294 0.4927 0.706 -0 1 -0
0.0034 -0.0084 -0.0386 0.4937 0.8015 -0.5509 -0.6269 -0.5509
0.0126 -0.0084 -0.0425 0.4907 0.8014 -0 -0.6269 -0.7791
0.0126 -0.0084 -0.0294 0.4907 0.8017 0 -1 0
0.0126 0.2525 -0.0401 0.4924 0.7166 -0 0.1576 -0.9875
0.0051 0.2525 -0.037 0.4949 0.7167 -0.6983 0.1576 -0.6983
0.0126 0.285 -0.0294 0.4927 0.706 -0 1 -0
-0.0004 -0.0084 -0.0294 0.495 0.8018 -0.7791 -0.6269 -0
0.0034 -0.0084 -0.0386 0.4937 0.8015 -0.5509 -0.6269 -0.5509
0.0126 -0.0084 -0.0294 0.4907 0.8017 0 -1 0
0.0051 0.2525 -0.037 0.4949 0.7167 -0.6983 0.1576 -0.6983
0.0019 0.2525 -0.0294 0.496 0.7166 -0.9875 0.1576 -0
0.0126 0.285 -0.0294 0.4927 0.706 -0 1 -0
0.0034 -0.0084 -0.0201 0.4938 0.802 -0.5509 -0.6269 0.5509
-0.0004 -0.0084 -0.0294 0.495 0.8018 -0.7791 -0.6269 -0
0.0126 -0.0084 -0.0294 0.4907 0.8017 0 -1 0
0.0019 0.2525 -0.0294 0.496 0.7166 -0.9875 0.1576 -0
0.0051 0.2525 -0.0218 0.495 0.7165 -0.6983 0.1576 0.6983
0.0126 0.285 -0.0294 0.4927 0.706 -0 1 -0
0.0126 -0.0084 -0.0163 0.4908 0.8021 -0 -0.6269 0.7791
0.0034 -0.0084 -0.0201 0.4938 0.802 -0.5509 -0.6269 0.5509
0.0126 -0.0084 -0.0294 0.4907 0.8017 0 -1 0
0.0051 0.2525 -0.0218 0.495 0.7165 -0.6983 0.1576 0.6983
0.0126 0.2525 -0.0186 0.4926 0.7164 -0 0.1576 0.9875
0.0126 0.285 -0.0294 0.4927 0.706 -0 1 -0
0.0126 -0.0084 -0.0294 0.4907 0.8017 0 -1 0
0.0219 -0.0084 -0.0201 0.4877 0.8019 0.5509 -0.6269 0.5509
0.0126 -0.0084 -0.0163 0.4908 0.8021 -0 -0.6269 0.7791
0.0126 0.2525 -0.0186 0.4926 0.7164 -0 0.1576 0.9875
0.0202 0.2525 -0.0218 0.4901 0.7164 0.6983 0.1576 0.6983
0.0126 0.285 -0.0294 0.4927 0.706 -0 1 -0
0.0257 -0.0084 -0.0294 0.4865 0.8017 0.7791 -0.6269 -0
0.0234 0.2525 -0.0294 0.489 0.7165 0.9875 0.1576 -0
0.0202 0.2525 -0.0218 0.4901 0.7164 0.6983 0.1576 0.6983
0.0202 0.2525 -0.0218 0.4901 0.7164 0.6983 0.1576 0.6983
0.0219 -0.0084 -0.0201 0.4877 0.8019 0.5509 -0.6269 0.5509
0.0257 -0.0084 -0.0294 0.4865 0.8017 0.7791 -0.6269 -0
0.0257 -0.0084 -0.0294 0.4865 0.8017 0.7791 -0.6269 -0
0.0219 -0.0084 -0.0386 0.4877 0.8014 0.5509 -0.6269 -0.5509
0.0202 0.2525 -0.037 0.49 0.7166 0.6983 0.1576 -0.6983
0.0202 0.2525 -0.037 0.49 0.7166 0.6983 0.1576 -0.6983
0.0234 0.2525 -0.0294 0.489 0.7165 0.9875 0.1576 -0
0.0257 -0.0084 -0.0294 0.4865 0.8017 0.7791 -0.6269 -0
0.0126 0.2525 -0.0401 0.4924 0.7166 -0 0.1576 -0.9875
0.0202 0.2525 -0.037 0.49 0.7166 0.6983 0.1576 -0.6983
0.0219 -0.0084 -0.0386 0.4877 0.8014 0.5509 -0.6269 -0.5509
0.0219 -0.0084 -0.0386 0.4877 0.8014 0.5509 -0.6269 -0.5509
0.0126 -0.0084 -0.0425 0.4907 0.8014 -0 -0.6269 -0.7791
0.0126 0.2525 -0.0401 0.4924 0.7166 -0 0.1576 -0.9875
0.0126 0.2525 -0.0401 0.4924 0.7166 -0 0.1576 -0.9875
0.0126 -0.0084 -0.0425 0.4907 0.8014 -0 -0.6269 -0.7791
0.0034 -0.0084 -0.0386 0.4937 0.8015 -0.5509 -0.6269 -0.5509
0.0034 -0.0084 -0.0386 0.4937 0.8015 -0.5509 -0.6269 -0.5509
0.0051 0.2525 -0.037 0.4949 0.7167 -0.6983 0.1576 -0.6983
0.0126 0.2525 -0.0401 0.4924 0.7166 -0 0.1576 -0.9875
-0.0004 -0.0084 -0.0294 0.495 0.8018 -0.7791 -0.6269 -0
0.0019 0.2525 -0.0294 0.496 0.7166 -0.9875 0.1576 -0
0.0051 0.2525 -0.037 0.4949 0.7167 -0.6983 0.1576 -0.6983
0.0051 0.2525 -0.037 0.4949 0.7167 -0.6983 0.1576 -0.6983
0.0034 -0.0084 -0.0386 0.4937 0.8015 -0.5509 -0.6269 -0.5509
-0.0004 -0.0084 -0.0294 0.495 0.8018 -0.7791 -0.6269 -0
0.0034 -0.0084 -0.0201 0.4938 0.802 -0.5509 -0.6269 0.5509
0.0051 0.2525 -0.0218 0.495 0.7165 -0.6983 0.1576 0.6983
0.0019 0.2525 -0.0294 0.496 0.7166 -0.9875 0.1576 -0
0.0019 0.2525 -0.0294 0.496 0.7166 -0.9875 0.1576 -0
-0.0004 -0.0084 -0.0294 0.495 0.8018 -0.7791 -0.6269 -0
0.0034 -0.0084 -0.0201 0.4938 0.802 -0.5509 -0.6269 0.5509
0.0126 -0.0084 -0.0163 0.4908 0.8021 -0 -0.6269 0.7791
0.0126 0.2525 -0.0186 0.4926 0.7164 -0 0.1576 0.9875
0.0051 0.2525 -0.0218 0.495 0.7165 -0.6983 0.1576 0.6983
0.0051 0.2525 -0.0218 0.495 0.7165 -0.6983 0.1576 0.6983
0.0034 -0.0084 -0.0201 0.4938 0.802 -0.5509 -0.6269 0.5509
0.0126 -0.0084 -0.0163 0.4908 0.8021 -0 -0.6269 0.7791
0.0219 -0.0084 -0.0201 0.4877 0.8019 0.5509 -0.6269 0.5509
0.0202 0.2525 -0.0218 0.4901 0.7164 0.6983 0.1576 0.6983
0.0126 0.2525 -0.0186 0.4926 0.7164 -0 0.1576 0.9875
0.0126 0.2525 -0.0186 0.4926 0.7164 -0 0.1576 0.9875
0.0126 -0.0084 -0.0163 0.4908 0.8021 -0 -0.6269 0.7791
0.0219 -0.0084 -0.0201 0.4877 0.8019 0.5509 -0.6269 0.5509
0.0184 0.497 -0.1228 0.492 0.813 0.6705 0.4271 0.6066
0.0149 0.4925 -0.1352 0.4886 0.8127 0.2876 -0.5292 -0.7983
0.0116 0.6363 -0.2584 0.4907 0.7625 -0.0065 0.7349 -0.6782
0.0149 0.4925 -0.1352 0.4886 0.8127 0.2876 -0.5292 -0.7983
0.0053 0.4958 -0.1261 0.4917 0.8131 -0.943 0.206 0.2613
0.0116 0.6363 -0.2584 0.4907 0.7625 -0.0065 0.7349 -0.6782
0.0053 0.4958 -0.1261 0.4917 0.8131 -0.943 0.206 0.2613
0.0184 0.497 -0.1228 0.492 0.813 0.6705 0.4271 0.6066
0.0116 0.6363 -0.2584 0.4907 0.7625 -0.0065 0.7349 -0.6782
0.0184 0.497 -0.1228 0.492 0.813 0.6705 0.4271 0.6066
0.0193 0.3272 -0.0448 0.4915 0.8643 0.6836 0.2443 0.6878
0.0163 0.3231 -0.0556 0.4885 0.8639 0.275 -0.322 -0.9059
0.0163 0.3231 -0.0556 0.4885 0.8639 0.275 -0.322 -0.9059
0.0149 0.4925 -0.1352 0.4886 0.8127 0.2876 -0.5292 -0.7983
0.0184 0.497 -0.1228 0.492 0.813 0.6705 0.4271 0.6066
0.0053 0.4958 -0.1261 0.4917 0.8131 -0.943 0.206 0.2613
0.0149 0.4925 -0.1352 0.4886 0.8127 0.2876 -0.5292 -0.7983
0.0163 0.3231 -0.0556 0.4885 0.8639 0.275 -0.322 -0.9059
0.0163 0.3231 -0.0556 0.4885 0.8639 0.275 -0.322 -0.9059
0.0079 0.3261 -0.0477 0.4913 0.8641 -0.9519 0.0952 0.2913
0.0053 0.4958 -0.1261 0.4917 0.8131 -0.943 0.206 0.2613
0.0053 0.4958 -0.1261 0.4917 0.8131 -0.943 0.206 0.2613
0.0079 0.3261 -0.0477 0.4913 0.8641 -0.9519 0.0952 0.2913
0.0193 0.3272 -0.0448 0.4915 0.8643 0.6836 0.2443 0.6878
0.0193 0.3272 -0.0448 0.4915 0.8643 0.6836 0.2443 0.6878
0.0184 0.497 -0.1228 0.492 0.813 0.6705 0.4271 0.6066
0.0053 0.4958 -0.1261 0.4917 0.8131 -0.943 0.206 0.2613
0.0193 0.3272 -0.0448 0.4915 0.8643 0.6836 0.2443 0.6878
0.0079 0.3261 -0.0477 0.4913 0.8641 -0.9519 0.0952 0.2913
0.0079 0.2451 -0.0272 0.491 0.8858 -0.8104 -0.4679 0.3527
0.0079 0.2451 -0.0272 0.491 0.8858 -0.8104 -0.4679 0.3527
0.0193 0.2462 -0.0243 0.4912 0.8862 0.6015 -0.3506 0.7178
0.0193 0.3272 -0.0448 0.4915 0.8643 0.6836 0.2443 0.6878
0.0079 0.2451 -0.0272 0.491 0.8858 -0.8104 -0.4679 0.3527
0.0079 0.3261 -0.0477 0.4913 0.8641 -0.9519 0.0952 0.2913
0.0163 0.3231 -0.0556 0.4885 0.8639 0.275 -0.322 -0.9059
0.0163 0.3231 -0.0556 0.4885 0.8639 0.275 -0.322 -0.9059
0.0163 0.2421 -0.0351 0.4883 0.8857 0.2095 -0.7761 -0.5948
0.0079 0.2451 -0.0272 0.491 0.8858 -0.8104 -0.4679 0.3527
0.0163 0.2421 -0.0351 0.4883 0.8857 0.2095 -0.7761 -0.5948
0.0163 0.3231 -0.0556 0.4885 0.8639 0.275 -0.322 -0.9059
0.0193 0.3272 -0.0448 0.4915 0.8643 0.6836 0.2443 0.6878
0.0193 0.3272 -0.0448 0.4915 0.8643 0.6836 0.2443 0.6878
0.0193 0.2462 -0.0243 0.4912 0.8862 0.6015 -0.3506 0.7178
0.0163 0.2421 -0.0351 0.4883 0.8857 0.2095 -0.7761 -0.5948
0.0163 0.2421 -0.0351 0.4883 0.8857 0.2095 -0.7761 -0.5948
0.0193 0.2462 -0.0243 0.4912 0.8862 0.6015 -0.3506 0.7178
0.0145 0.2445 -0.0289 0.4902 0.8859 0 -0.9347 0.3555
0.0079 0.2451 -0.0272 0.491 0.8858 -0.8104 -0.4679 0.3527
0.0163 0.2421 -0.0351 0.4883 0.8857 0.2095 -0.7761 -0.5948
0.0145 0.2445 -0.0289 0.4902 0.8859 0 -0.9347 0.3555
0.0145 0.2445 -0.0289 0.4902 0.8859 0 -0.9347 0.3555
0.0193 0.2462 -0.0243 0.4912 0.8862 0.6015 -0.3506 0.7178
0.0079 0.2451 -0.0272 0.491 0.8858 -0.8104 -0.4679 0.3527
-0.3844 0.409 -0.2019 0.75 0.75 -0.1293 0.9403 0.3147
-0.507 0.2991 -0.0269 1 0.75 -0.2154 0.888 0.4062
-0.3956 0.2463 0.1121 1 1 -0.1447 0.8806 0.4511
-0.3956 0.2463 0.1121 1 1 -0.1447 0.8806 0.4511
-0.2729 0.3561 -0.063 0.75 1 -0.0582 0.9166 0.3955
-0.3844 0.409 -0.2019 0.75 0.75 -0.1293 0.9403 0.3147
-0.1326 0.3946 -0.2097 0.5 1 0.2289 0.9566 0.1804
-0.2441 0.4474 -0.3487 0.5 0.75 0.1527 0.9845 0.0867
-0.3844 0.409 -0.2019 0.75 0.75 -0.1293 0.9403 0.3147
-0.3844 0.409 -0.2019 0.75 0.75 -0.1293 0.9403 0.3147
-0.2729 0.3561 -0.063 0.75 1 -0.0582 0.9166 0.3955
-0.1326 0.3946 -0.2097 0.5 1 0.2289 0.9566 0.1804
-0.2441 0.4474 -0.3487 0.5 0.75 0.1527 0.9845 0.0867
-0.1326 0.3946 -0.2097 0.5 1 0.2289 0.9566 0.1804
0.0328 0.3309 -0.3158 0.25 1 0.4864 0.8718 -0.0584
0.0328 0.3309 -0.3158 0.25 1 0.4864 0.8718 -0.0584
-0.0787 0.3838 -0.4548 0.25 0.75 0.4226 0.8949 -0.1432
-0.2441 0.4474 -0.3487 0.5 0.75 0.1527 0.9845 0.0867
0.1043 0.2487 -0.5325 0 0.75 0.5227 0.8271 -0.2068
-0.0787 0.3838 -0.4548 0.25 0.75 0.4226 0.8949 -0.1432
0.0328 0.3309 -0.3158 0.25 1 0.4864 0.8718 -0.0584
0.0328 0.3309 -0.3158 0.25 1 0.4864 0.8718 -0.0584
0.2158 0.1958 -0.3935 0 1 0.5525 0.8233 -0.1299
0.1043 0.2487 -0.5325 0 0.75 0.5227 0.8271 -0.2068
-0.6354 0.3118 -0.1833 1 0.5 -0.4511 0.8635 0.2256
-0.507 0.2991 -0.0269 1 0.75 -0.2154 0.888 0.4062
-0.3844 0.409 -0.2019 0.75 0.75 -0.1293 0.9403 0.3147
-0.3844 0.409 -0.2019 0.75 0.75 -0.1293 0.9403 0.3147
-0.5127 0.4217 -0.3584 0.75 0.5 -0.3603 0.9268 0.1061
-0.6354 0.3118 -0.1833 1 0.5 -0.4511 0.8635 0.2256
-0.3724 0.4601 -0.5051 0.5 0.5 -0.0596 0.9836 -0.1702
-0.5127 0.4217 -0.3584 0.75 0.5 -0.3603 0.9268 0.1061
-0.3844 0.409 -0.2019 0.75 0.75 -0.1293 0.9403 0.3147
-0.3844 0.409 -0.2019 0.75 0.75 -0.1293 0.9403 0.3147
-0.2441 0.4474 -0.3487 0.5 0.75 0.1527 0.9845 0.0867
-0.3724 0.4601 -0.5051 0.5 0.5 -0.0596 0.9836 -0.1702
-0.3724 0.4601 -0.5051 0.5 0.5 -0.0596 0.9836 -0.1702
-0.2441 0.4474 -0.3487 0.5 0.75 0.1527 0.9845 0.0867
-0.0787 0.3838 -0.4548 0.25 0.75 0.4226 0.8949 -0.1432
-0.0787 0.3838 -0.4548 0.25 0.75 0.4226 0.8949 -0.1432
-0.207 0.3964 -0.6112 0.25 0.5 0.2601 0.8756 -0.4071
-0.3724 0.4601 -0.5051 0.5 0.5 -0.0596 0.9836 -0.1702
0.1043 0.2487 -0.5325 0 0.75 0.5227 0.8271 -0.2068
-0.024 0.2614 -0.6889 0 0.5 0.3875 0.7943 -0.468
-0.207 0.3964 -0.6112 0.25 0.5 0.2601 0.8756 -0.4071
-0.207 0.3964 -0.6112 0.25 0.5 0.2601 0.8756 -0.4071
-0.0787 0.3838 -0.4548 0.25 0.75 0.4226 0.8949 -0.1432
0.1043 0.2487 -0.5325 0 0.75 0.5227 0.8271 -0.2068
-0.7622 0.2342 -0.3289 1 0.25 -0.6573 0.7535 0.0122
-0.6354 0.3118 -0.1833 1 0.5 -0.4511 0.8635 0.2256
-0.5127 0.4217 -0.3584 0.75 0.5 -0.3603 0.9268 0.1061
-0.5127 0.4217 -0.3584 0.75 0.5 -0.3603 0.9268 0.1061
-0.6395 0.344 -0.504 0.75 0.25 -0.5663 0.8168 -0.1105
-0.7622 0.2342 -0.3289 1 0.25 -0.6573 0.7535 0.0122
-0.6395 0.344 -0.504 0.75 0.25 -0.5663 0.8168 -0.1105
-0.5127 0.4217 -0.3584 0.75 0.5 -0.3603 0.9268 0.1061
-0.3724 0.4601 -0.5051 0.5 0.5 -0.0596 0.9836 -0.1702
-0.3724 0.4601 -0.5051 0.5 0.5 -0.0596 0.9836 -0.1702
-0.4993 0.3825 -0.6507 0.5 0.25 -0.2695 0.8701 -0.4126
-0.6395 0.344 -0.504 0.75 0.25 -0.5663 0.8168 -0.1105
-0.4993 0.3825 -0.6507 0.5 0.25 -0.2695 0.8701 -0.4126
-0.3724 0.4601 -0.5051 0.5 0.5 -0.0596 0.9836 -0.1702
-0.207 0.3964 -0.6112 0.25 0.5 0.2601 0.8756 -0.4071
-0.207 0.3964 -0.6112 0.25 0.5 0.2601 0.8756 -0.4071
-0.3338 0.3188 -0.7568 0.25 0.25 0.0752 0.7638 -0.641
-0.4993 0.3825 -0.6507 0.5 0.25 -0.2695 0.8701 -0.4126
-0.207 0.3964 -0.6112 0.25 0.5 0.2601 0.8756 -0.4071
-0.024 0.2614 -0.6889 0 0.5 0.3875 0.7943 -0.468
-0.1509 0.1837 -0.8345 0 0.25 0.2057 0.6823 -0.7015
-0.1509 0.1837 -0.8345 0 0.25 0.2057 0.6823 -0.7015
-0.3338 0.3188 -0.7568 0.25 0.25 0.0752 0.7638 -0.641
-0.207 0.3964 -0.6112 0.25 0.5 0.2601 0.8756 -0.4071
-0.6395 0.344 -0.504 0.75 0.25 -0.5663 0.8168 -0.1105
-0.7554 0.2153 -0.6312 0.75 0 -0.637 0.7499 -0.1789
-0.878 0.1054 -0.4561 1 0 -0.7119 0.6997 -0.0599
-0.878 0.1054 -0.4561 1 0 -0.7119 0.6997 -0.0599
-0.7622 0.2342 -0.3289 1 0.25 -0.6573 0.7535 0.0122
-0.6395 0.344 -0.504 0.75 0.25 -0.5663 0.8168 -0.1105
-0.7554 0.2153 -0.6312 0.75 0 -0.637 0.7499 -0.1789
-0.6395 0.344 -0.504 0.75 0.25 -0.5663 0.8168 -0.1105
-0.4993 0.3825 -0.6507 0.5 0.25 -0.2695 0.8701 -0.4126
-0.4993 0.3825 -0.6507 0.5 0.25 -0.2695 0.8701 -0.4126
-0.6151 0.2537 -0.7779 0.5 0 -0.3435 0.7981 -0.495
-0.7554 0.2153 -0.6312 0.75 0 -0.637 0.7499 -0.1789
-0.4497 0.1901 -0.884 0.25 0 0.0147 0.6961 -0.7178
-0.6151 0.2537 -0.7779 0.5 0 -0.3435 0.7981 -0.495
-0.4993 0.3825 -0.6507 0.5 0.25 -0.2695 0.8701 -0.4126
-0.4993 0.3825 -0.6507 0.5 0.25 -0.2695 0.8701 -0.4126
-0.3338 0.3188 -0.7568 0.25 0.25 0.0752 0.7638 -0.641
-0.4497 0.1901 -0.884 0.25 0 0.0147 0.6961 -0.7178
-0.2667 0.055 -0.9617 0 0 0.1399 0.6294 -0.7644
-0.4497 0.1901 -0.884 0.25 0 0.0147 0.6961 -0.7178
-0.3338 0.3188 -0.7568 0.25 0.25 0.0752 0.7638 -0.641
-0.3338 0.3188 -0.7568 0.25 0.25 0.0752 0.7638 -0.641
-0.1509 0.1837 -0.8345 0 0.25 0.2057 0.6823 -0.7015
-0.2667 0.055 -0.9617 0 0 0.1399 0.6294 -0.7644
0.0703 0.2997 0.4884 1 0.75 0.4266 0.888 0.1715
0.1967 0.2469 0.3629 1 1 0.4639 0.8806 0.0964
0.0097 0.3567 0.2593 0.75 1 0.3994 0.9166 0.0163
0.0097 0.3567 0.2593 0.75 1 0.3994 0.9166 0.0163
-0.1168 0.4096 0.3848 0.75 0.75 0.3265 0.9403 0.0955
0.0703 0.2997 0.4884 1 0.75 0.4266 0.888 0.1715
-0.1509 0.3952 0.1353 0.5 1 0.1553 0.9566 -0.2466
-0.2774 0.448 0.2607 0.5 0.75 0.0701 0.9845 -0.161
-0.1168 0.4096 0.3848 0.75 0.75 0.3265 0.9403 0.0955
-0.1168 0.4096 0.3848 0.75 0.75 0.3265 0.9403 0.0955
0.0097 0.3567 0.2593 0.75 1 0.3994 0.9166 0.0163
-0.1509 0.3952 0.1353 0.5 1 0.1553 0.9566 -0.2466
-0.2774 0.448 0.2607 0.5 0.75 0.0701 0.9845 -0.161
-0.1509 0.3952 0.1353 0.5 1 0.1553 0.9566 -0.2466
-0.2739 0.3315 -0.0181 0.25 1 -0.1092 0.8718 -0.4775
-0.2739 0.3315 -0.0181 0.25 1 -0.1092 0.8718 -0.4775
-0.4003 0.3844 0.1074 0.25 0.75 -0.1868 0.8949 -0.4052
-0.2774 0.448 0.2607 0.5 0.75 0.0701 0.9845 -0.161
-0.4969 0.2493 -0.0664 0 0.75 -0.2606 0.8271 -0.498
-0.4003 0.3844 0.1074 0.25 0.75 -0.1868 0.8949 -0.4052
-0.2739 0.3315 -0.0181 0.25 1 -0.1092 0.8718 -0.4775
-0.2739 0.3315 -0.0181 0.25 1 -0.1092 0.8718 -0.4775
-0.3704 0.1964 -0.1919 0 1 -0.1873 0.8233 -0.5358
-0.4969 0.2493 -0.0664 0 0.75 -0.2606 0.8271 -0.498
-0.0718 0.3124 0.6324 1 0.5 0.2718 0.8635 0.4249
0.0703 0.2997 0.4884 1 0.75 0.4266 0.888 0.1715
-0.1168 0.4096 0.3848 0.75 0.75 0.3265 0.9403 0.0955
-0.1168 0.4096 0.3848 0.75 0.75 0.3265 0.9403 0.0955
-0.2588 0.4223 0.5288 0.75 0.5 0.1434 0.9268 0.3472
-0.0718 0.3124 0.6324 1 0.5 0.2718 0.8635 0.4249
-0.4195 0.4607 0.4048 0.5 0.5 -0.163 0.9836 0.0772
-0.2588 0.4223 0.5288 0.75 0.5 0.1434 0.9268 0.3472
-0.1168 0.4096 0.3848 0.75 0.75 0.3265 0.9403 0.0955
-0.1168 0.4096 0.3848 0.75 0.75 0.3265 0.9403 0.0955
-0.2774 0.448 0.2607 0.5 0.75 0.0701 0.9845 -0.161
-0.4195 0.4607 0.4048 0.5 0.5 -0.163 0.9836 0.0772
-0.4195 0.4607 0.4048 0.5 0.5 -0.163 0.9836 0.0772
-0.2774 0.448 0.2607 0.5 0.75 0.0701 0.9845 -0.161
-0.4003 0.3844 0.1074 0.25 0.75 -0.1868 0.8949 -0.4052
-0.4003 0.3844 0.1074 0.25 0.75 -0.1868 0.8949 -0.4052
-0.5424 0.397 0.2514 0.25 0.5 -0.4322 0.8756 -0.2159
-0.4195 0.4607 0.4048 0.5 0.5 -0.163 0.9836 0.0772
-0.4969 0.2493 -0.0664 0 0.75 -0.2606 0.8271 -0.498
-0.6389 0.262 0.0776 0 0.5 -0.5061 0.7943 -0.3361
-0.5424 0.397 0.2514 0.25 0.5 -0.4322 0.8756 -0.2159
-0.5424 0.397 0.2514 0.25 0.5 -0.4322 0.8756 -0.2159
-0.4003 0.3844 0.1074 0.25 0.75 -0.1868 0.8949 -0.4052
-0.4969 0.2493 -0.0664 0 0.75 -0.2606 0.8271 -0.498
-0.2033 0.2348 0.7739 1 0.25 0.0813 0.7535 0.6524
-0.0718 0.3124 0.6324 1 0.5 0.2718 0.8635 0.4249
-0.2588 0.4223 0.5288 0.75 0.5 0.1434 0.9268 0.3472
-0.2588 0.4223 0.5288 0.75 0.5 0.1434 0.9268 0.3472
-0.3903 0.3446 0.6703 0.75 0.25 -0.0503 0.8168 0.5748
-0.2033 0.2348 0.7739 1 0.25 0.0813 0.7535 0.6524
-0.3903 0.3446 0.6703 0.75 0.25 -0.0503 0.8168 0.5748
-0.2588 0.4223 0.5288 0.75 0.5 0.1434 0.9268 0.3472
-0.4195 0.4607 0.4048 0.5 0.5 -0.163 0.9836 0.0772
-0.4195 0.4607 0.4048 0.5 0.5 -0.163 0.9836 0.0772
-0.5509 0.3831 0.5462 0.5 0.25 -0.382 0.8701 0.3114
-0.3903 0.3446 0.6703 0.75 0.25 -0.0503 0.8168 0.5748
-0.5509 0.3831 0.5462 0.5 0.25 -0.382 0.8701 0.3114
-0.4195 0.4607 0.4048 0.5 0.5 -0.163 0.9836 0.0772
-0.5424 0.397 0.2514 0.25 0.5 -0.4322 0.8756 -0.2159
-0.5424 0.397 0.2514 0.25 0.5 -0.4322 0.8756 -0.2159
-0.6738 0.3194 0.3929 0.25 0.25 -0.6454 0.7638 -0.0074
-0.5509 0.3831 0.5462 0.5 0.25 -0.382 0.8701 0.3114
-0.5424 0.397 0.2514 0.25 0.5 -0.4322 0.8756 -0.2159
-0.6389 0.262 0.0776 0 0.5 -0.5061 0.7943 -0.3361
-0.7704 0.1843 0.2191 0 0.25 -0.7193 0.6823 -0.1307
-0.7704 0.1843 0.2191 0 0.25 -0.7193 0.6823 -0.1307
-0.6738 0.3194 0.3929 0.25 0.25 -0.6454 0.7638 -0.0074
-0.5424 0.397 0.2514 0.25 0.5 -0.4322 0.8756 -0.2159
-0.3176 0.106 0.9024 1 0 0.0154 0.6997 0.7143
-0.2033 0.2348 0.7739 1 0.25 0.0813 0.7535 0.6524
-0.3903 0.3446 0.6703 0.75 0.25 -0.0503 0.8168 0.5748
-0.3903 0.3446 0.6703 0.75 0.25 -0.0503 0.8168 0.5748
-0.5046 0.2159 0.7988 0.75 0 -0.1109 0.7499 0.6522
-0.3176 0.106 0.9024 1 0 0.0154 0.6997 0.7143
-0.5046 0.2159 0.7988 0.75 0 -0.1109 0.7499 0.6522
-0.3903 0.3446 0.6703 0.75 0.25 -0.0503 0.8168 0.5748
-0.5509 0.3831 0.5462 0.5 0.25 -0.382 0.8701 0.3114
-0.5509 0.3831 0.5462 0.5 0.25 -0.382 0.8701 0.3114
-0.6652 0.2543 0.6748 0.5 0 -0.4561 0.7981 0.3936
-0.5046 0.2159 0.7988 0.75 0 -0.1109 0.7499 0.6522
-0.7882 0.1907 0.5215 0.25 0 -0.7154 0.6961 0.0609
-0.6652 0.2543 0.6748 0.5 0 -0.4561 0.7981 0.3936
-0.5509 0.3831 0.5462 0.5 0.25 -0.382 0.8701 0.3114
-0.5509 0.3831 0.5462 0.5 0.25 -0.382 0.8701 0.3114
-0.6738 0.3194 0.3929 0.25 0.25 -0.6454 0.7638 -0.0074
-0.7882 0.1907 0.5215 0.25 0 -0.7154 0.6961 0.0609
-0.8847 0.0556 0.3476 0 0 -0.7749 0.6294 -0.0587
-0.7882 0.1907 0.5215 0.25 0 -0.7154 0.6961 0.0609
-0.6738 0.3194 0.3929 0.25 0.25 -0.6454 0.7638 -0.0074
-0.6738 0.3194 0.3929 0.25 0.25 -0.6454 0.7638 -0.0074
-0.7704 0.1843 0.2191 0 0.25 -0.7193 0.6823 -0.1307
-0.8847 0.0556 0.3476 0 0 -0.7749 0.6294 -0.0587
0.4311 0.4028 0.0914 0.75 0.75 0.0877 0.9403 -0.3287
0.5302 0.293 -0.098 1 0.75 0.1613 0.888 -0.4306
0.4018 0.2401 -0.2215 1 1 0.0853 0.8806 -0.466
0.4018 0.2401 -0.2215 1 1 0.0853 0.8806 -0.466
0.3027 0.35 -0.032 0.75 1 0.0068 0.9166 -0.3997
0.4311 0.4028 0.0914 0.75 0.75 0.0877 0.9403 -0.3287
0.1825 0.3884 0.1315 0.5 1 -0.2502 0.9566 -0.1494
0.3109 0.4413 0.255 0.5 0.75 -0.1626 0.9845 -0.0663
0.4311 0.4028 0.0914 0.75 0.75 0.0877 0.9403 -0.3287
0.4311 0.4028 0.0914 0.75 0.75 0.0877 0.9403 -0.3287
0.3027 0.35 -0.032 0.75 1 0.0068 0.9166 -0.3997
0.1825 0.3884 0.1315 0.5 1 -0.2502 0.9566 -0.1494
0.3109 0.4413 0.255 0.5 0.75 -0.1626 0.9845 -0.0663
0.1825 0.3884 0.1315 0.5 1 -0.2502 0.9566 -0.1494
0.0321 0.3247 0.2581 0.25 1 -0.4748 0.8718 0.1205
0.0321 0.3247 0.2581 0.25 1 -0.4748 0.8718 0.1205
0.1605 0.3776 0.3815 0.25 0.75 -0.4006 0.8949 0.1964
0.3109 0.4413 0.255 0.5 0.75 -0.1626 0.9845 -0.0663
-0.0109 0.2425 0.4822 0 0.75 -0.4917 0.8271 0.2724
0.1605 0.3776 0.3815 0.25 0.75 -0.4006 0.8949 0.1964
0.0321 0.3247 0.2581 0.25 1 -0.4748 0.8718 0.1205
0.0321 0.3247 0.2581 0.25 1 -0.4748 0.8718 0.1205
-0.1393 0.1897 0.3587 0 1 -0.5312 0.8233 0.2
-0.0109 0.2425 0.4822 0 0.75 -0.4917 0.8271 0.2724
0.6776 0.3057 0.0406 1 0.5 0.4183 0.8635 -0.2819
0.5302 0.293 -0.098 1 0.75 0.1613 0.888 -0.4306
0.4311 0.4028 0.0914 0.75 0.75 0.0877 0.9403 -0.3287
0.4311 0.4028 0.0914 0.75 0.75 0.0877 0.9403 -0.3287
0.5785 0.4155 0.23 0.75 0.5 0.3437 0.9268 -0.1516
0.6776 0.3057 0.0406 1 0.5 0.4183 0.8635 -0.2819
0.4583 0.454 0.3935 0.5 0.5 0.081 0.9836 0.1611
0.5785 0.4155 0.23 0.75 0.5 0.3437 0.9268 -0.1516
0.4311 0.4028 0.0914 0.75 0.75 0.0877 0.9403 -0.3287
0.4311 0.4028 0.0914 0.75 0.75 0.0877 0.9403 -0.3287
0.3109 0.4413 0.255 0.5 0.75 -0.1626 0.9845 -0.0663
0.4583 0.454 0.3935 0.5 0.5 0.081 0.9836 0.1611
0.4583 0.454 0.3935 0.5 0.5 0.081 0.9836 0.1611
0.3109 0.4413 0.255 0.5 0.75 -0.1626 0.9845 -0.0663
0.1605 0.3776 0.3815 0.25 0.75 -0.4006 0.8949 0.1964
0.1605 0.3776 0.3815 0.25 0.75 -0.4006 0.8949 0.1964
0.3079 0.3903 0.5201 0.25 0.5 -0.2055 0.8756 0.4372
0.4583 0.454 0.3935 0.5 0.5 0.081 0.9836 0.1611
-0.0109 0.2425 0.4822 0 0.75 -0.4917 0.8271 0.2724
0.1365 0.2552 0.6207 0 0.5 -0.324 0.7943 0.514
0.3079 0.3903 0.5201 0.25 0.5 -0.2055 0.8756 0.4372
0.3079 0.3903 0.5201 0.25 0.5 -0.2055 0.8756 0.4372
0.1605 0.3776 0.3815 0.25 0.75 -0.4006 0.8949 0.1964
-0.0109 0.2425 0.4822 0 0.75 -0.4917 0.8271 0.2724
0.8221 0.228 0.1686 1 0.25 0.6502 0.7535 -0.0968
0.6776 0.3057 0.0406 1 0.5 0.4183 0.8635 -0.2819
0.5785 0.4155 0.23 0.75 0.5 0.3437 0.9268 -0.1516
0.5785 0.4155 0.23 0.75 0.5 0.3437 0.9268 -0.1516
0.723 0.3379 0.358 0.75 0.25 0.5758 0.8168 0.0366
0.8221 0.228 0.1686 1 0.25 0.6502 0.7535 -0.0968
0.723 0.3379 0.358 0.75 0.25 0.5758 0.8168 0.0366
0.5785 0.4155 0.23 0.75 0.5 0.3437 0.9268 -0.1516
0.4583 0.454 0.3935 0.5 0.5 0.081 0.9836 0.1611
0.4583 0.454 0.3935 0.5 0.5 0.081 0.9836 0.1611
0.6028 0.3763 0.5216 0.5 0.25 0.3204 0.8701 0.3745
0.723 0.3379 0.358 0.75 0.25 0.5758 0.8168 0.0366
0.6028 0.3763 0.5216 0.5 0.25 0.3204 0.8701 0.3745
0.4583 0.454 0.3935 0.5 0.5 0.081 0.9836 0.1611
0.3079 0.3903 0.5201 0.25 0.5 -0.2055 0.8756 0.4372
0.3079 0.3903 0.5201 0.25 0.5 -0.2055 0.8756 0.4372
0.4525 0.3127 0.6481 0.25 0.25 0.008 0.7638 0.6454
0.6028 0.3763 0.5216 0.5 0.25 0.3204 0.8701 0.3745
0.3079 0.3903 0.5201 0.25 0.5 -0.2055 0.8756 0.4372
0.1365 0.2552 0.6207 0 0.5 -0.324 0.7943 0.514
0.281 0.1776 0.7488 0 0.25 -0.1136 0.6823 0.7222
0.281 0.1776 0.7488 0 0.25 -0.1136 0.6823 0.7222
0.4525 0.3127 0.6481 0.25 0.25 0.008 0.7638 0.6454
0.3079 0.3903 0.5201 0.25 0.5 -0.2055 0.8756 0.4372
0.723 0.3379 0.358 0.75 0.25 0.5758 0.8168 0.0366
0.8543 0.2091 0.4693 0.75 0 0.6547 0.7499 0.0953
0.9534 0.0993 0.2798 1 0 0.7137 0.6997 -0.0324
0.9534 0.0993 0.2798 1 0 0.7137 0.6997 -0.0324
0.8221 0.228 0.1686 1 0.25 0.6502 0.7535 -0.0968
0.723 0.3379 0.358 0.75 0.25 0.5758 0.8168 0.0366
0.8543 0.2091 0.4693 0.75 0 0.6547 0.7499 0.0953
0.723 0.3379 0.358 0.75 0.25 0.5758 0.8168 0.0366
0.6028 0.3763 0.5216 0.5 0.25 0.3204 0.8701 0.3745
0.6028 0.3763 0.5216 0.5 0.25 0.3204 0.8701 0.3745
0.7341 0.2476 0.6328 0.5 0 0.4044 0.7981 0.4466
0.8543 0.2091 0.4693 0.75 0 0.6547 0.7499 0.0953
0.5838 0.1839 0.7594 0.25 0 0.0779 0.6961 0.7137
0.7341 0.2476 0.6328 0.5 0 0.4044 0.7981 0.4466
0.6028 0.3763 0.5216 0.5 0.25 0.3204 0.8701 0.3745
0.6028 0.3763 0.5216 0.5 0.25 0.3204 0.8701 0.3745
0.4525 0.3127 0.6481 0.25 0.25 0.008 0.7638 0.6454
0.5838 0.1839 0.7594 0.25 0 0.0779 0.6961 0.7137
0.4123 0.0488 0.86 0 0 -0.0403 0.6294 0.776
0.5838 0.1839 0.7594 0.25 0 0.0779 0.6961 0.7137
0.4525 0.3127 0.6481 0.25 0.25 0.008 0.7638 0.6454
0.4525 0.3127 0.6481 0.25 0.25 0.008 0.7638 0.6454
0.281 0.1776 0.7488 0 0.25 -0.1136 0.6823 0.7222
0.4123 0.0488 0.86 0 0 -0.0403 0.6294 0.776
-0.0049 0.289 -0.5494 1 0.75 -0.413 0.888 -0.2021
-0.1402 0.2361 -0.4335 1 1 -0.4556 0.8806 -0.1299
0.0388 0.346 -0.3165 0.75 1 -0.3972 0.9166 -0.0453
0.0388 0.346 -0.3165 0.75 1 -0.3972 0.9166 -0.0453
0.174 0.3988 -0.4325 0.75 0.75 -0.3187 0.9403 -0.119
-0.0049 0.289 -0.5494 1 0.75 -0.413 0.888 -0.2021
0.19 0.3844 -0.1811 0.5 1 -0.1729 0.9566 0.2346
0.3252 0.4373 -0.297 0.5 0.75 -0.0817 0.9845 0.1554
0.174 0.3988 -0.4325 0.75 0.75 -0.3187 0.9403 -0.119
0.174 0.3988 -0.4325 0.75 0.75 -0.3187 0.9403 -0.119
0.0388 0.346 -0.3165 0.75 1 -0.3972 0.9166 -0.0453
0.19 0.3844 -0.1811 0.5 1 -0.1729 0.9566 0.2346
0.3252 0.4373 -0.297 0.5 0.75 -0.0817 0.9845 0.1554
0.19 0.3844 -0.1811 0.5 1 -0.1729 0.9566 0.2346
0.3014 0.3207 -0.0192 0.25 1 0.0741 0.8718 0.4842
0.3014 0.3207 -0.0192 0.25 1 0.0741 0.8718 0.4842
0.4366 0.3736 -0.1352 0.25 0.75 0.1568 0.8949 0.4177
0.3252 0.4373 -0.297 0.5 0.75 -0.0817 0.9845 0.1554
0.5203 0.2385 0.0452 0 0.75 0.2236 0.8271 0.5157
0.4366 0.3736 -0.1352 0.25 0.75 0.1568 0.8949 0.4177
0.3014 0.3207 -0.0192 0.25 1 0.0741 0.8718 0.4842
0.3014 0.3207 -0.0192 0.25 1 0.0741 0.8718 0.4842
0.385 0.1857 0.1611 0 1 0.1478 0.8233 0.548
0.5203 0.2385 0.0452 0 0.75 0.2236 0.8271 0.5157
0.1472 0.3017 -0.6827 1 0.5 -0.2402 0.8635 -0.4436
-0.0049 0.289 -0.5494 1 0.75 -0.413 0.888 -0.2021
0.174 0.3988 -0.4325 0.75 0.75 -0.3187 0.9403 -0.119
0.174 0.3988 -0.4325 0.75 0.75 -0.3187 0.9403 -0.119
0.3262 0.4115 -0.5658 0.75 0.5 -0.1177 0.9268 -0.3567
0.1472 0.3017 -0.6827 1 0.5 -0.2402 0.8635 -0.4436
0.4774 0.45 -0.4304 0.5 0.5 0.1682 0.9836 -0.0651
0.3262 0.4115 -0.5658 0.75 0.5 -0.1177 0.9268 -0.3567
0.174 0.3988 -0.4325 0.75 0.75 -0.3187 0.9403 -0.119
0.174 0.3988 -0.4325 0.75 0.75 -0.3187 0.9403 -0.119
0.3252 0.4373 -0.297 0.5 0.75 -0.0817 0.9845 0.1554
0.4774 0.45 -0.4304 0.5 0.5 0.1682 0.9836 -0.0651
0.4774 0.45 -0.4304 0.5 0.5 0.1682 0.9836 -0.0651
0.3252 0.4373 -0.297 0.5 0.75 -0.0817 0.9845 0.1554
0.4366 0.3736 -0.1352 0.25 0.75 0.1568 0.8949 0.4177
0.4366 0.3736 -0.1352 0.25 0.75 0.1568 0.8949 0.4177
0.5888 0.3863 -0.2685 0.25 0.5 0.4153 0.8756 0.2468
0.4774 0.45 -0.4304 0.5 0.5 0.1682 0.9836 -0.0651
0.5203 0.2385 0.0452 0 0.75 0.2236 0.8271 0.5157
0.6724 0.2512 -0.0881 0 0.5 0.4803 0.7943 0.3721
0.5888 0.3863 -0.2685 0.25 0.5 0.4153 0.8756 0.2468
0.5888 0.3863 -0.2685 0.25 0.5 0.4153 0.8756 0.2468
0.4366 0.3736 -0.1352 0.25 0.75 0.1568 0.8949 0.4177
0.5203 0.2385 0.0452 0 0.75 0.2236 0.8271 0.5157
0.2886 0.2241 -0.8142 1 0.25 -0.0335 0.7535 -0.6565
0.1472 0.3017 -0.6827 1 0.5 -0.2402 0.8635 -0.4436
0.3262 0.4115 -0.5658 0.75 0.5 -0.1177 0.9268 -0.3567
0.3262 0.4115 -0.5658 0.75 0.5 -0.1177 0.9268 -0.3567
0.4676 0.3339 -0.6973 0.75 0.25 0.092 0.8168 -0.5696
0.2886 0.2241 -0.8142 1 0.25 -0.0335 0.7535 -0.6565
0.4676 0.3339 -0.6973 0.75 0.25 0.092 0.8168 -0.5696
0.3262 0.4115 -0.5658 0.75 0.5 -0.1177 0.9268 -0.3567
0.4774 0.45 -0.4304 0.5 0.5 0.1682 0.9836 -0.0651
0.4774 0.45 -0.4304 0.5 0.5 0.1682 0.9836 -0.0651
0.6188 0.3723 -0.5619 0.5 0.25 0.4036 0.8701 -0.2827
0.4676 0.3339 -0.6973 0.75 0.25 0.092 0.8168 -0.5696
0.6188 0.3723 -0.5619 0.5 0.25 0.4036 0.8701 -0.2827
0.4774 0.45 -0.4304 0.5 0.5 0.1682 0.9836 -0.0651
0.5888 0.3863 -0.2685 0.25 0.5 0.4153 0.8756 0.2468
0.5888 0.3863 -0.2685 0.25 0.5 0.4153 0.8756 0.2468
0.7302 0.3087 -0.4 0.25 0.25 0.6431 0.7638 0.0543
0.6188 0.3723 -0.5619 0.5 0.25 0.4036 0.8701 -0.2827
0.5888 0.3863 -0.2685 0.25 0.5 0.4153 0.8756 0.2468
0.6724 0.2512 -0.0881 0 0.5 0.4803 0.7943 0.3721
0.8139 0.1736 -0.2196 0 0.25 0.7078 0.6823 0.1828
0.8139 0.1736 -0.2196 0 0.25 0.7078 0.6823 0.1828
0.7302 0.3087 -0.4 0.25 0.25 0.6431 0.7638 0.0543
0.5888 0.3863 -0.2685 0.25 0.5 0.4153 0.8756 0.2468
0.412 0.0953 -0.9341 1 0 0.0367 0.6997 -0.7135
0.2886 0.2241 -0.8142 1 0.25 -0.0335 0.7535 -0.6565
0.4676 0.3339 -0.6973 0.75 0.25 0.092 0.8168 -0.5696
0.4676 0.3339 -0.6973 0.75 0.25 0.092 0.8168 -0.5696
0.591 0.2052 -0.8172 0.75 0 0.1581 0.7499 -0.6424
0.412 0.0953 -0.9341 1 0 0.0367 0.6997 -0.7135
0.591 0.2052 -0.8172 0.75 0 0.1581 0.7499 -0.6424
0.4676 0.3339 -0.6973 0.75 0.25 0.092 0.8168 -0.5696
0.6188 0.3723 -0.5619 0.5 0.25 0.4036 0.8701 -0.2827
0.6188 0.3723 -0.5619 0.5 0.25 0.4036 0.8701 -0.2827
0.7422 0.2436 -0.6818 0.5 0 0.4835 0.7981 -0.3594
0.591 0.2052 -0.8172 0.75 0 0.1581 0.7499 -0.6424
0.8536 0.1799 -0.5199 0.25 0 0.7179 0.6961 -0.0087
0.7422 0.2436 -0.6818 0.5 0 0.4835 0.7981 -0.3594
0.6188 0.3723 -0.5619 0.5 0.25 0.4036 0.8701 -0.2827
0.6188 0.3723 -0.5619 0.5 0.25 0.4036 0.8701 -0.2827
0.7302 0.3087 -0.4 0.25 0.25 0.6431 0.7638 0.0543
0.8536 0.1799 -0.5199 0.25 0 0.7179 0.6961 -0.0087
0.9372 0.0449 -0.3395 0 0 0.7685 0.6294 0.115
0.8536 0.1799 -0.5199 0.25 0 0.7179 0.6961 -0.0087
0.7302 0.3087 -0.4 0.25 0.25 0.6431 0.7638 0.0543
0.7302 0.3087 -0.4 0.25 0.25 0.6431 0.7638 0.0543
0.8139 0.1736 -0.2196 0 0.25 0.7078 0.6823 0.1828
0.9372 0.0449 -0.3395 0 0 0.7685 0.6294 0.115
0.2782 0.7142 -0.2938 0.75 0.75 -0.6121 0.6808 -0.4023
0.2848 0.5251 -0.5243 1 0.75 -0.5998 0.61 -0.5179
0.1268 0.3588 -0.5023 1 1 -0.6649 0.5678 -0.4852
0.1268 0.3588 -0.5023 1 1 -0.6649 0.5678 -0.4852
0.1201 0.5479 -0.2719 0.75 1 -0.6932 0.6076 -0.3878
0.2782 0.7142 -0.2938 0.75 0.75 -0.6121 0.6808 -0.4023
0.1224 0.64 -0.0328 0.5 1 -0.7268 0.6858 -0.0371
0.2805 0.8063 -0.0547 0.5 0.75 -0.6364 0.7698 -0.0489
0.2782 0.7142 -0.2938 0.75 0.75 -0.6121 0.6808 -0.4023
0.2782 0.7142 -0.2938 0.75 0.75 -0.6121 0.6808 -0.4023
0.1201 0.5479 -0.2719 0.75 1 -0.6932 0.6076 -0.3878
0.1224 0.64 -0.0328 0.5 1 -0.7268 0.6858 -0.0371
0.2805 0.8063 -0.0547 0.5 0.75 -0.6364 0.7698 -0.0489
0.1224 0.64 -0.0328 0.5 1 -0.7268 0.6858 -0.0371
0.1377 0.5934 0.2187 0.25 1 -0.6657 0.6747 0.3188
0.1377 0.5934 0.2187 0.25 1 -0.6657 0.6747 0.3188
0.2957 0.7597 0.1968 0.25 0.75 -0.5857 0.7479 0.3126
0.2805 0.8063 -0.0547 0.5 0.75 -0.6364 0.7698 -0.0489
0.32 0.6162 0.457 0 0.75 -0.5639 0.6998 0.4386
0.2957 0.7597 0.1968 0.25 0.75 -0.5857 0.7479 0.3126
0.1377 0.5934 0.2187 0.25 1 -0.6657 0.6747 0.3188
0.1377 0.5934 0.2187 0.25 1 -0.6657 0.6747 0.3188
0.1619 0.4499 0.4789 0 1 -0.6297 0.6539 0.4194
0.32 0.6162 0.457 0 0.75 -0.5639 0.6998 0.4386
0.4939 0.6633 -0.5446 1 0.5 -0.3375 0.7229 -0.6029
0.2848 0.5251 -0.5243 1 0.75 -0.5998 0.61 -0.5179
0.2782 0.7142 -0.2938 0.75 0.75 -0.6121 0.6808 -0.4023
0.2782 0.7142 -0.2938 0.75 0.75 -0.6121 0.6808 -0.4023
0.4872 0.8524 -0.3142 0.75 0.5 -0.3392 0.8155 -0.4689
0.4939 0.6633 -0.5446 1 0.5 -0.3375 0.7229 -0.6029
0.4895 0.9445 -0.075 0.5 0.5 -0.3478 0.9346 -0.0743
0.4872 0.8524 -0.3142 0.75 0.5 -0.3392 0.8155 -0.4689
0.2782 0.7142 -0.2938 0.75 0.75 -0.6121 0.6808 -0.4023
0.2782 0.7142 -0.2938 0.75 0.75 -0.6121 0.6808 -0.4023
0.2805 0.8063 -0.0547 0.5 0.75 -0.6364 0.7698 -0.0489
0.4895 0.9445 -0.075 0.5 0.5 -0.3478 0.9346 -0.0743
0.4895 0.9445 -0.075 0.5 0.5 -0.3478 0.9346 -0.0743
0.2805 0.8063 -0.0547 0.5 0.75 -0.6364 0.7698 -0.0489
0.2957 0.7597 0.1968 0.25 0.75 -0.5857 0.7479 0.3126
0.2957 0.7597 0.1968 0.25 0.75 -0.5857 0.7479 0.3126
0.5048 0.898 0.1765 0.25 0.5 -0.3104 0.89 0.3339
0.4895 0.9445 -0.075 0.5 0.5 -0.3478 0.9346 -0.0743
0.32 0.6162 0.457 0 0.75 -0.5639 0.6998 0.4386
0.529 0.7544 0.4367 0 0.5 -0.2987 0.8236 0.4822
0.5048 0.898 0.1765 0.25 0.5 -0.3104 0.89 0.3339
0.5048 0.898 0.1765 0.25 0.5 -0.3104 0.89 0.3339
0.2957 0.7597 0.1968 0.25 0.75 -0.5857 0.7479 0.3126
0.32 0.6162 0.457 0 0.75 -0.5639 0.6998 0.4386
0.7493 0.699 -0.557 1 0.25 -0.0266 0.7724 -0.6346
0.4939 0.6633 -0.5446 1 0.5 -0.3375 0.7229 -0.6029
0.4872 0.8524 -0.3142 0.75 0.5 -0.3392 0.8155 -0.4689
0.4872 0.8524 -0.3142 0.75 0.5 -0.3392 0.8155 -0.4689
0.7426 0.8881 -0.3266 0.75 0.25 -0.0262 0.8664 -0.4986
0.7493 0.699 -0.557 1 0.25 -0.0266 0.7724 -0.6346
0.7426 0.8881 -0.3266 0.75 0.25 -0.0262 0.8664 -0.4986
0.4872 0.8524 -0.3142 0.75 0.5 -0.3392 0.8155 -0.4689
0.4895 0.9445 -0.075 0.5 0.5 -0.3478 0.9346 -0.0743
0.4895 0.9445 -0.075 0.5 0.5 -0.3478 0.9346 -0.0743
0.7449 0.9802 -0.0875 0.5 0.25 -0.0137 0.9957 -0.0919
0.7426 0.8881 -0.3266 0.75 0.25 -0.0262 0.8664 -0.4986
0.7449 0.9802 -0.0875 0.5 0.25 -0.0137 0.9957 -0.0919
0.4895 0.9445 -0.075 0.5 0.5 -0.3478 0.9346 -0.0743
0.5048 0.898 0.1765 0.25 0.5 -0.3104 0.89 0.3339
0.5048 0.898 0.1765 0.25 0.5 -0.3104 0.89 0.3339
0.7602 0.9336 0.164 0.25 0.25 0.0035 0.9435 0.3314
0.7449 0.9802 -0.0875 0.5 0.25 -0.0137 0.9957 -0.0919
0.5048 0.898 0.1765 0.25 0.5 -0.3104 0.89 0.3339
0.529 0.7544 0.4367 0 0.5 -0.2987 0.8236 0.4822
0.7844 0.7901 0.4242 0 0.25 0.0134 0.876 0.482
0.7844 0.7901 0.4242 0 0.25 0.0134 0.876 0.482
0.7602 0.9336 0.164 0.25 0.25 0.0035 0.9435 0.3314
0.5048 0.898 0.1765 0.25 0.5 -0.3104 0.89 0.3339
0.7426 0.8881 -0.3266 0.75 0.25 -0.0262 0.8664 -0.4986
1.0071 0.8558 -0.3331 0.75 0 0.0919 0.8561 -0.5085
1.0138 0.6667 -0.5635 1 0 0.0786 0.7718 -0.631
1.0138 0.6667 -0.5635 1 0 0.0786 0.7718 -0.631
0.7493 0.699 -0.557 1 0.25 -0.0266 0.7724 -0.6346
0.7426 0.8881 -0.3266 0.75 0.25 -0.0262 0.8664 -0.4986
1.0071 0.8558 -0.3331 0.75 0 0.0919 0.8561 -0.5085
0.7426 0.8881 -0.3266 0.75 0.25 -0.0262 0.8664 -0.4986
0.7449 0.9802 -0.0875 0.5 0.25 -0.0137 0.9957 -0.0919
0.7449 0.9802 -0.0875 0.5 0.25 -0.0137 0.9957 -0.0919
1.0095 0.9479 -0.094 0.5 0 0.1181 0.9884 -0.096
1.0071 0.8558 -0.3331 0.75 0 0.0919 0.8561 -0.5085
1.0247 0.9014 0.1575 0.25 0 0.1221 0.9344 0.3346
1.0095 0.9479 -0.094 0.5 0 0.1181 0.9884 -0.096
0.7449 0.9802 -0.0875 0.5 0.25 -0.0137 0.9957 -0.0919
0.7449 0.9802 -0.0875 0.5 0.25 -0.0137 0.9957 -0.0919
0.7602 0.9336 0.164 0.25 0.25 0.0035 0.9435 0.3314
1.0247 0.9014 0.1575 0.25 0 0.1221 0.9344 0.3346
1.0489 0.7578 0.4177 0 0 0.1181 0.8741 0.4712
1.0247 0.9014 0.1575 0.25 0 0.1221 0.9344 0.3346
0.7602 0.9336 0.164 0.25 0.25 0.0035 0.9435 0.3314
0.7602 0.9336 0.164 0.25 0.25 0.0035 0.9435 0.3314
0.7844 0.7901 0.4242 0 0.25 0.0134 0.876 0.482
1.0489 0.7578 0.4177 0 0 0.1181 0.8741 0.4712
0.5232 0.4195 0.221 1 0.75 0.4804 0.6602 -0.5773
0.5223 0.2532 0.0614 1 1 0.4541 0.6158 -0.6438
0.2758 0.4203 0.0474 0.75 1 0.3545 0.6467 -0.6754
0.2758 0.4203 0.0474 0.75 1 0.3545 0.6467 -0.6754
0.2766 0.5866 0.207 0.75 0.75 0.3593 0.7202 -0.5935
0.5232 0.4195 0.221 1 0.75 0.4804 0.6602 -0.5773
0.0293 0.49 0.0415 0.5 1 -0.0006 0.6926 -0.7213
0.0301 0.6562 0.2011 0.5 0.75 0.0002 0.7765 -0.6301
0.2766 0.5866 0.207 0.75 0.75 0.3593 0.7202 -0.5935
0.2766 0.5866 0.207 0.75 0.75 0.3593 0.7202 -0.5935
0.2758 0.4203 0.0474 0.75 1 0.3545 0.6467 -0.6754
0.0293 0.49 0.0415 0.5 1 -0.0006 0.6926 -0.7213
0.0301 0.6562 0.2011 0.5 0.75 0.0002 0.7765 -0.6301
0.0293 0.49 0.0415 0.5 1 -0.0006 0.6926 -0.7213
-0.2173 0.4203 0.0474 0.25 1 -0.3558 0.6482 -0.6732
-0.2173 0.4203 0.0474 0.25 1 -0.3558 0.6482 -0.6732
-0.2164 0.5866 0.207 0.25 0.75 -0.3593 0.7209 -0.5926
0.0301 0.6562 0.2011 0.5 0.75 0.0002 0.7765 -0.6301
-0.2173 0.4203 0.0474 0.25 1 -0.3558 0.6482 -0.6732
-0.4638 0.2532 0.0614 0 1 -0.4553 0.6179 -0.6411
-0.4629 0.4195 0.221 0 0.75 -0.481 0.6612 -0.5757
-0.4629 0.4195 0.221 0 0.75 -0.481 0.6612 -0.5757
-0.2164 0.5866 0.207 0.25 0.75 -0.3593 0.7209 -0.5926
-0.2173 0.4203 0.0474 0.25 1 -0.3558 0.6482 -0.6732
0.5232 0.5572 0.4314 1 0.5 0.5452 0.7782 -0.3116
0.5232 0.4195 0.221 1 0.75 0.4804 0.6602 -0.5773
0.2766 0.5866 0.207 0.75 0.75 0.3593 0.7202 -0.5935
0.2766 0.5866 0.207 0.75 0.75 0.3593 0.7202 -0.5935
0.2766 0.7243 0.4174 0.75 0.5 0.4034 0.8581 -0.3176
0.5232 0.5572 0.4314 1 0.5 0.5452 0.7782 -0.3116
0.0301 0.7939 0.4115 0.5 0.5 0 0.9404 -0.3399
0.2766 0.7243 0.4174 0.75 0.5 0.4034 0.8581 -0.3176
0.2766 0.5866 0.207 0.75 0.75 0.3593 0.7202 -0.5935
0.2766 0.5866 0.207 0.75 0.75 0.3593 0.7202 -0.5935
0.0301 0.6562 0.2011 0.5 0.75 0.0002 0.7765 -0.6301
0.0301 0.7939 0.4115 0.5 0.5 0 0.9404 -0.3399
0.0301 0.7939 0.4115 0.5 0.5 0 0.9404 -0.3399
0.0301 0.6562 0.2011 0.5 0.75 0.0002 0.7765 -0.6301
-0.2164 0.5866 0.207 0.25 0.75 -0.3593 0.7209 -0.5926
-0.2164 0.5866 0.207 0.25 0.75 -0.3593 0.7209 -0.5926
-0.2164 0.7243 0.4174 0.25 0.5 -0.4034 0.8581 -0.3176
0.0301 0.7939 0.4115 0.5 0.5 0 0.9404 -0.3399
-0.4629 0.4195 0.221 0 0.75 -0.481 0.6612 -0.5757
-0.4629 0.5572 0.4314 0 0.5 -0.5452 0.7782 -0.3116
-0.2164 0.7243 0.4174 0.25 0.5 -0.4034 0.8581 -0.3176
-0.2164 0.7243 0.4174 0.25 0.5 -0.4034 0.8581 -0.3176
-0.2164 0.5866 0.207 0.25 0.75 -0.3593 0.7209 -0.5926
-0.4629 0.4195 0.221 0 0.75 -0.481 0.6612 -0.5757
0.5232 0.5916 0.6873 1 0.25 0.5611 0.8278 0.0006
0.5232 0.5572 0.4314 1 0.5 0.5452 0.7782 -0.3116
0.2766 0.7243 0.4174 0.75 0.5 0.4034 0.8581 -0.3176
0.2766 0.7243 0.4174 0.75 0.5 0.4034 0.8581 -0.3176
0.2766 0.7587 0.6732 0.75 0.25 0.4171 0.9089 -0.0035
0.5232 0.5916 0.6873 1 0.25 0.5611 0.8278 0.0006
0.2766 0.7587 0.6732 0.75 0.25 0.4171 0.9089 -0.0035
0.2766 0.7243 0.4174 0.75 0.5 0.4034 0.8581 -0.3176
0.0301 0.7939 0.4115 0.5 0.5 0 0.9404 -0.3399
0.0301 0.7939 0.4115 0.5 0.5 0 0.9404 -0.3399
0.0301 0.8284 0.6674 0.5 0.25 0 1 -0.0051
0.2766 0.7587 0.6732 0.75 0.25 0.4171 0.9089 -0.0035
0.0301 0.8284 0.6674 0.5 0.25 0 1 -0.0051
0.0301 0.7939 0.4115 0.5 0.5 0 0.9404 -0.3399
-0.2164 0.7243 0.4174 0.25 0.5 -0.4034 0.8581 -0.3176
-0.2164 0.7243 0.4174 0.25 0.5 -0.4034 0.8581 -0.3176
-0.2164 0.7587 0.6732 0.25 0.25 -0.4171 0.9089 -0.0035
0.0301 0.8284 0.6674 0.5 0.25 0 1 -0.0051
-0.2164 0.7243 0.4174 0.25 0.5 -0.4034 0.8581 -0.3176
-0.4629 0.5572 0.4314 0 0.5 -0.5452 0.7782 -0.3116
-0.4629 0.5916 0.6873 0 0.25 -0.5611 0.8278 0.0006
-0.4629 0.5916 0.6873 0 0.25 -0.5611 0.8278 0.0006
-0.2164 0.7587 0.6732 0.25 0.25 -0.4171 0.9089 -0.0035
-0.2164 0.7243 0.4174 0.25 0.5 -0.4034 0.8581 -0.3176
0.2766 0.7249 0.9376 0.75 0 0.4236 0.8985 0.1148
0.5232 0.5578 0.9517 1 0 0.5538 0.8259 0.1055
0.5232 0.5916 0.6873 1 0.25 0.5611 0.8278 0.0006
0.5232 0.5916 0.6873 1 0.25 0.5611 0.8278 0.0006
0.2766 0.7587 0.6732 0.75 0.25 0.4171 0.9089 -0.0035
0.2766 0.7249 0.9376 0.75 0 0.4236 0.8985 0.1148
0.2766 0.7249 0.9376 0.75 0 0.4236 0.8985 0.1148
0.2766 0.7587 0.6732 0.75 0.25 0.4171 0.9089 -0.0035
0.0301 0.8284 0.6674 0.5 0.25 0 1 -0.0051
0.0301 0.8284 0.6674 0.5 0.25 0 1 -0.0051
0.0301 0.7946 0.9318 0.5 0 0 0.9919 0.1268
0.2766 0.7249 0.9376 0.75 0 0.4236 0.8985 0.1148
-0.2164 0.7249 0.9376 0.25 0 -0.4236 0.8985 0.1148
0.0301 0.7946 0.9318 0.5 0 0 0.9919 0.1268
0.0301 0.8284 0.6674 0.5 0.25 0 1 -0.0051
0.0301 0.8284 0.6674 0.5 0.25 0 1 -0.0051
-0.2164 0.7587 0.6732 0.25 0.25 -0.4171 0.9089 -0.0035
-0.2164 0.7249 0.9376 0.25 0 -0.4236 0.8985 0.1148
-0.4629 0.5578 0.9517 0 0 -0.5538 0.8259 0.1055
-0.2164 0.7249 0.9376 0.25 0 -0.4236 0.8985 0.1148
-0.2164 0.7587 0.6732 0.25 0.25 -0.4171 0.9089 -0.0035
-0.2164 0.7587 0.6732 0.25 0.25 -0.4171 0.9089 -0.0035
-0.4629 0.5916 0.6873 0 0.25 -0.5611 0.8278 0.0006
-0.4629 0.5578 0.9517 0 0 -0.5538 0.8259 0.1055
-0.253 0.73 0.2394 0.75 0.75 0.6121 0.6808 0.4023
-0.2597 0.5409 0.4698 1 0.75 0.5998 0.61 0.5179
-0.1016 0.3746 0.4478 1 1 0.6649 0.5678 0.4852
-0.1016 0.3746 0.4478 1 1 0.6649 0.5678 0.4852
-0.0949 0.5637 0.2174 0.75 1 0.6932 0.6076 0.3878
-0.253 0.73 0.2394 0.75 0.75 0.6121 0.6808 0.4023
-0.0973 0.6558 -0.0217 0.5 1 0.7268 0.6858 0.0371
-0.2553 0.8221 0.0002 0.5 0.75 0.6364 0.7698 0.0489
-0.253 0.73 0.2394 0.75 0.75 0.6121 0.6808 0.4023
-0.253 0.73 0.2394 0.75 0.75 0.6121 0.6808 0.4023
-0.0949 0.5637 0.2174 0.75 1 0.6932 0.6076 0.3878
-0.0973 0.6558 -0.0217 0.5 1 0.7268 0.6858 0.0371
-0.2553 0.8221 0.0002 0.5 0.75 0.6364 0.7698 0.0489
-0.0973 0.6558 -0.0217 0.5 1 0.7268 0.6858 0.0371
-0.1125 0.6092 -0.2732 0.25 1 0.6657 0.6747 -0.3188
-0.1125 0.6092 -0.2732 0.25 1 0.6657 0.6747 -0.3188
-0.2706 0.7755 -0.2513 0.25 0.75 0.5857 0.7479 -0.3126
-0.2553 0.8221 0.0002 0.5 0.75 0.6364 0.7698 0.0489
-0.2948 0.632 -0.5115 0 0.75 0.5639 0.6998 -0.4386
-0.2706 0.7755 -0.2513 0.25 0.75 0.5857 0.7479 -0.3126
-0.1125 0.6092 -0.2732 0.25 1 0.6657 0.6747 -0.3188
-0.1125 0.6092 -0.2732 0.25 1 0.6657 0.6747 -0.3188
-0.1368 0.4657 -0.5334 0 1 0.6297 0.6539 -0.4194
-0.2948 0.632 -0.5115 0 0.75 0.5639 0.6998 -0.4386
-0.4687 0.6792 0.4901 1 0.5 0.3375 0.7229 0.6029
-0.2597 0.5409 0.4698 1 0.75 0.5998 0.61 0.5179
-0.253 0.73 0.2394 0.75 0.75 0.6121 0.6808 0.4023
-0.253 0.73 0.2394 0.75 0.75 0.6121 0.6808 0.4023
-0.4621 0.8682 0.2597 0.75 0.5 0.3392 0.8155 0.4689
-0.4687 0.6792 0.4901 1 0.5 0.3375 0.7229 0.6029
-0.4644 0.9604 0.0206 0.5 0.5 0.3478 0.9346 0.0743
-0.4621 0.8682 0.2597 0.75 0.5 0.3392 0.8155 0.4689
-0.253 0.73 0.2394 0.75 0.75 0.6121 0.6808 0.4023
-0.253 0.73 0.2394 0.75 0.75 0.6121 0.6808 0.4023
-0.2553 0.8221 0.0002 0.5 0.75 0.6364 0.7698 0.0489
-0.4644 0.9604 0.0206 0.5 0.5 0.3478 0.9346 0.0743
-0.4644 0.9604 0.0206 0.5 0.5 0.3478 0.9346 0.0743
-0.2553 0.8221 0.0002 0.5 0.75 0.6364 0.7698 0.0489
-0.2706 0.7755 -0.2513 0.25 0.75 0.5857 0.7479 -0.3126
-0.2706 0.7755 -0.2513 0.25 0.75 0.5857 0.7479 -0.3126
-0.4796 0.9138 -0.2309 0.25 0.5 0.3104 0.89 -0.3339
-0.4644 0.9604 0.0206 0.5 0.5 0.3478 0.9346 0.0743
-0.2948 0.632 -0.5115 0 0.75 0.5639 0.6998 -0.4386
-0.5039 0.7703 -0.4911 0 0.5 0.2987 0.8236 -0.4822
-0.4796 0.9138 -0.2309 0.25 0.5 0.3104 0.89 -0.3339
-0.4796 0.9138 -0.2309 0.25 0.5 0.3104 0.89 -0.3339
-0.2706 0.7755 -0.2513 0.25 0.75 0.5857 0.7479 -0.3126
-0.2948 0.632 -0.5115 0 0.75 0.5639 0.6998 -0.4386
-0.7241 0.7148 0.5026 1 0.25 0.0266 0.7724 0.6346
-0.4687 0.6792 0.4901 1 0.5 0.3375 0.7229 0.6029
-0.4621 0.8682 0.2597 0.75 0.5 0.3392 0.8155 0.4689
-0.4621 0.8682 0.2597 0.75 0.5 0.3392 0.8155 0.4689
-0.7174 0.9039 0.2721 0.75 0.25 0.0262 0.8664 0.4986
-0.7241 0.7148 0.5026 1 0.25 0.0266 0.7724 0.6346
-0.7174 0.9039 0.2721 0.75 0.25 0.0262 0.8664 0.4986
-0.4621 0.8682 0.2597 0.75 0.5 0.3392 0.8155 0.4689
-0.4644 0.9604 0.0206 0.5 0.5 0.3478 0.9346 0.0743
-0.4644 0.9604 0.0206 0.5 0.5 0.3478 0.9346 0.0743
-0.7198 0.996 0.033 0.5 0.25 0.0137 0.9957 0.0919
-0.7174 0.9039 0.2721 0.75 0.25 0.0262 0.8664 0.4986
-0.7198 0.996 0.033 0.5 0.25 0.0137 0.9957 0.0919
-0.4644 0.9604 0.0206 0.5 0.5 0.3478 0.9346 0.0743
-0.4796 0.9138 -0.2309 0.25 0.5 0.3104 0.89 -0.3339
-0.4796 0.9138 -0.2309 0.25 0.5 0.3104 0.89 -0.3339
-0.735 0.9494 -0.2185 0.25 0.25 -0.0035 0.9435 -0.3314
-0.7198 0.996 0.033 0.5 0.25 0.0137 0.9957 0.0919
-0.4796 0.9138 -0.2309 0.25 0.5 0.3104 0.89 -0.3339
-0.5039 0.7703 -0.4911 0 0.5 0.2987 0.8236 -0.4822
-0.7593 0.8059 -0.4787 0 0.25 -0.0134 0.8761 -0.482
-0.7593 0.8059 -0.4787 0 0.25 -0.0134 0.8761 -0.482
-0.735 0.9494 -0.2185 0.25 0.25 -0.0035 0.9435 -0.3314
-0.4796 0.9138 -0.2309 0.25 0.5 0.3104 0.89 -0.3339
-0.7174 0.9039 0.2721 0.75 0.25 0.0262 0.8664 0.4986
-0.982 0.8716 0.2786 0.75 0 -0.0919 0.8561 0.5085
-0.9886 0.6826 0.509 1 0 -0.0786 0.7718 0.631
-0.9886 0.6826 0.509 1 0 -0.0786 0.7718 0.631
-0.7241 0.7148 0.5026 1 0.25 0.0266 0.7724 0.6346
-0.7174 0.9039 0.2721 0.75 0.25 0.0262 0.8664 0.4986
-0.982 0.8716 0.2786 0.75 0 -0.0919 0.8561 0.5085
-0.7174 0.9039 0.2721 0.75 0.25 0.0262 0.8664 0.4986
-0.7198 0.996 0.033 0.5 0.25 0.0137 0.9957 0.0919
-0.7198 0.996 0.033 0.5 0.25 0.0137 0.9957 0.0919
-0.9843 0.9638 0.0395 0.5 0 -0.1181 0.9884 0.096
-0.982 0.8716 0.2786 0.75 0 -0.0919 0.8561 0.5085
-0.9995 0.9172 -0.212 0.25 0 -0.1221 0.9344 -0.3346
-0.9843 0.9638 0.0395 0.5 0 -0.1181 0.9884 0.096
-0.7198 0.996 0.033 0.5 0.25 0.0137 0.9957 0.0919
-0.7198 0.996 0.033 0.5 0.25 0.0137 0.9957 0.0919
-0.735 0.9494 -0.2185 0.25 0.25 -0.0035 0.9435 -0.3314
-0.9995 0.9172 -0.212 0.25 0 -0.1221 0.9344 -0.3346
-1.0238 0.7737 -0.4722 0 0 -0.1181 0.8741 -0.4712
-0.9995 0.9172 -0.212 0.25 0 -0.1221 0.9344 -0.3346
-0.735 0.9494 -0.2185 0.25 0.25 -0.0035 0.9435 -0.3314
-0.735 0.9494 -0.2185 0.25 0.25 -0.0035 0.9435 -0.3314
-0.7593 0.8059 -0.4787 0 0.25 -0.0134 0.8761 -0.482
-1.0238 0.7737 -0.4722 0 0 -0.1181 0.8741 -0.4712
-0.2464 0.5712 -0.2638 0.75 0.75 -0.3593 0.7202 0.5935
-0.4929 0.4041 -0.2778 1 0.75 -0.4804 0.6602 0.5773
-0.492 0.2379 -0.1182 1 1 -0.4541 0.6159 0.6438
-0.492 0.2379 -0.1182 1 1 -0.4541 0.6159 0.6438
-0.2455 0.405 -0.1041 0.75 1 -0.3545 0.6467 0.6754
-0.2464 0.5712 -0.2638 0.75 0.75 -0.3593 0.7202 0.5935
0.001 0.4746 -0.0983 0.5 1 0.0006 0.6926 0.7213
0.0001 0.6409 -0.2579 0.5 0.75 -0.0002 0.7765 0.6301
-0.2464 0.5712 -0.2638 0.75 0.75 -0.3593 0.7202 0.5935
-0.2464 0.5712 -0.2638 0.75 0.75 -0.3593 0.7202 0.5935
-0.2455 0.405 -0.1041 0.75 1 -0.3545 0.6467 0.6754
0.001 0.4746 -0.0983 0.5 1 0.0006 0.6926 0.7213
0.0001 0.6409 -0.2579 0.5 0.75 -0.0002 0.7765 0.6301
0.001 0.4746 -0.0983 0.5 1 0.0006 0.6926 0.7213
0.2475 0.405 -0.1041 0.25 1 0.3558 0.6482 0.6732
0.2475 0.405 -0.1041 0.25 1 0.3558 0.6482 0.6732
0.2467 0.5712 -0.2638 0.25 0.75 0.3593 0.7209 0.5926
0.0001 0.6409 -0.2579 0.5 0.75 -0.0002 0.7765 0.6301
0.4932 0.4041 -0.2778 0 0.75 0.481 0.6612 0.5757
0.2467 0.5712 -0.2638 0.25 0.75 0.3593 0.7209 0.5926
0.2475 0.405 -0.1041 0.25 1 0.3558 0.6482 0.6732
0.2475 0.405 -0.1041 0.25 1 0.3558 0.6482 0.6732
0.494 0.2379 -0.1182 0 1 0.4553 0.6179 0.6411
0.4932 0.4041 -0.2778 0 0.75 0.481 0.6612 0.5757
-0.4929 0.5418 -0.4882 1 0.5 -0.5452 0.7782 0.3116
-0.4929 0.4041 -0.2778 1 0.75 -0.4804 0.6602 0.5773
-0.2464 0.5712 -0.2638 0.75 0.75 -0.3593 0.7202 0.5935
-0.2464 0.5712 -0.2638 0.75 0.75 -0.3593 0.7202 0.5935
-0.2464 0.7089 -0.4741 0.75 0.5 -0.4034 0.8581 0.3176
-0.4929 0.5418 -0.4882 1 0.5 -0.5452 0.7782 0.3116
0.0001 0.7786 -0.4683 0.5 0.5 -0 0.9404 0.3399
-0.2464 0.7089 -0.4741 0.75 0.5 -0.4034 0.8581 0.3176
-0.2464 0.5712 -0.2638 0.75 0.75 -0.3593 0.7202 0.5935
-0.2464 0.5712 -0.2638 0.75 0.75 -0.3593 0.7202 0.5935
0.0001 0.6409 -0.2579 0.5 0.75 -0.0002 0.7765 0.6301
0.0001 0.7786 -0.4683 0.5 0.5 -0 0.9404 0.3399
0.0001 0.7786 -0.4683 0.5 0.5 -0 0.9404 0.3399
0.0001 0.6409 -0.2579 0.5 0.75 -0.0002 0.7765 0.6301
0.2467 0.5712 -0.2638 0.25 0.75 0.3593 0.7209 0.5926
0.2467 0.5712 -0.2638 0.25 0.75 0.3593 0.7209 0.5926
0.2467 0.7089 -0.4741 0.25 0.5 0.4034 0.8581 0.3176
0.0001 0.7786 -0.4683 0.5 0.5 -0 0.9404 0.3399
0.4932 0.4041 -0.2778 0 0.75 0.481 0.6612 0.5757
0.4932 0.5418 -0.4882 0 0.5 0.5452 0.7782 0.3116
0.2467 0.7089 -0.4741 0.25 0.5 0.4034 0.8581 0.3176
0.2467 0.7089 -0.4741 0.25 0.5 0.4034 0.8581 0.3176
0.2467 0.5712 -0.2638 0.25 0.75 0.3593 0.7209 0.5926
0.4932 0.4041 -0.2778 0 0.75 0.481 0.6612 0.5757
-0.4929 0.5763 -0.744 1 0.25 -0.5611 0.8278 -0.0006
-0.4929 0.5418 -0.4882 1 0.5 -0.5452 0.7782 0.3116
-0.2464 0.7089 -0.4741 0.75 0.5 -0.4034 0.8581 0.3176
-0.2464 0.7089 -0.4741 0.75 0.5 -0.4034 0.8581 0.3176
-0.2464 0.7434 -0.73 0.75 0.25 -0.4171 0.9089 0.0035
-0.4929 0.5763 -0.744 1 0.25 -0.5611 0.8278 -0.0006
-0.2464 0.7434 -0.73 0.75 0.25 -0.4171 0.9089 0.0035
-0.2464 0.7089 -0.4741 0.75 0.5 -0.4034 0.8581 0.3176
0.0001 0.7786 -0.4683 0.5 0.5 -0 0.9404 0.3399
0.0001 0.7786 -0.4683 0.5 0.5 -0 0.9404 0.3399
0.0001 0.813 -0.7241 0.5 0.25 0 1 0.0051
-0.2464 0.7434 -0.73 0.75 0.25 -0.4171 0.9089 0.0035
0.0001 0.813 -0.7241 0.5 0.25 0 1 0.0051
0.0001 0.7786 -0.4683 0.5 0.5 -0 0.9404 0.3399
0.2467 0.7089 -0.4741 0.25 0.5 0.4034 0.8581 0.3176
0.2467 0.7089 -0.4741 0.25 0.5 0.4034 0.8581 0.3176
0.2467 0.7434 -0.73 0.25 0.25 0.4171 0.9089 0.0035
0.0001 0.813 -0.7241 0.5 0.25 0 1 0.0051
0.2467 0.7089 -0.4741 0.25 0.5 0.4034 0.8581 0.3176
0.4932 0.5418 -0.4882 0 0.5 0.5452 0.7782 0.3116
0.4932 0.5763 -0.744 0 0.25 0.5611 0.8278 -0.0006
0.4932 0.5763 -0.744 0 0.25 0.5611 0.8278 -0.0006
0.2467 0.7434 -0.73 0.25 0.25 0.4171 0.9089 0.0035
0.2467 0.7089 -0.4741 0.25 0.5 0.4034 0.8581 0.3176
-0.2464 0.7434 -0.73 0.75 0.25 -0.4171 0.9089 0.0035
-0.2464 0.7096 -0.9944 0.75 0 -0.4236 0.8985 -0.1148
-0.4929 0.5425 -1.0084 1 0 -0.5538 0.8259 -0.1055
-0.4929 0.5425 -1.0084 1 0 -0.5538 0.8259 -0.1055
-0.4929 0.5763 -0.744 1 0.25 -0.5611 0.8278 -0.0006
-0.2464 0.7434 -0.73 0.75 0.25 -0.4171 0.9089 0.0035
-0.2464 0.7096 -0.9944 0.75 0 -0.4236 0.8985 -0.1148
-0.2464 0.7434 -0.73 0.75 0.25 -0.4171 0.9089 0.0035
0.0001 0.813 -0.7241 0.5 0.25 0 1 0.0051
0.0001 0.813 -0.7241 0.5 0.25 0 1 0.0051
0.0001 0.7793 -0.9886 0.5 0 0 0.9919 -0.1268
-0.2464 0.7096 -0.9944 0.75 0 -0.4236 0.8985 -0.1148
0.2467 0.7096 -0.9944 0.25 0 0.4236 0.8985 -0.1148
0.0001 0.7793 -0.9886 0.5 0 0 0.9919 -0.1268
0.0001 0.813 -0.7241 0.5 0.25 0 1 0.0051
0.0001 0.813 -0.7241 0.5 0.25 0 1 0.0051
0.2467 0.7434 -0.73 0.25 0.25 0.4171 0.9089 0.0035
0.2467 0.7096 -0.9944 0.25 0 0.4236 0.8985 -0.1148
0.4932 0.5425 -1.0084 0 0 0.5538 0.8259 -0.1055
0.2467 0.7096 -0.9944 0.25 0 0.4236 0.8985 -0.1148
0.2467 0.7434 -0.73 0.25 0.25 0.4171 0.9089 0.0035
0.2467 0.7434 -0.73 0.25 0.25 0.4171 0.9089 0.0035
0.4932 0.5763 -0.744 0 0.25 0.5611 0.8278 -0.0006
0.4932 0.5425 -1.0084 0 0 0.5538 0.8259 -0.1055
