Vertex Count: 504

Data:

-0.1483 -0.0275 -0.0628 0.3748 0.3446 0.1363 0.9779 0.1586
-0.1137 -0.0364 -0.038 0.2894 0.4116 0.1363 0.9779 0.1586
-0.0587 -0.0364 -0.0852 0.1554 0.3197 0.1363 0.9779 0.1586
-0.0548 -0.0274 -0.1045 0.1484 0.2656 0.1981 0.8725 0.4466
-0.1483 -0.0275 -0.0628 0.3748 0.3446 0.1981 0.8725 0.4466
-0.0587 -0.0364 -0.0852 0.1554 0.3197 0.1981 0.8725 0.4466
-0.1454 -0.0275 0.023 0.3712 0.5353 0.2518 0.9677 -0.0094
-0.1114 -0.0364 0.0242 0.29 0.5482 0.2518 0.9677 -0.0094
-0.1137 -0.0364 -0.038 0.2894 0.4116 0.2518 0.9677 -0.0094
-0.1483 -0.0275 -0.0628 0.3748 0.3446 0.2533 0.9674 -0.0086
-0.1454 -0.0275 0.023 0.3712 0.5353 0.2533 0.9674 -0.0086
-0.1137 -0.0364 -0.038 0.2894 0.4116 0.2533 0.9674 -0.0086
-0.1073 -0.0276 0.1006 0.2975 0.715 0.2207 0.9676 -0.1227
-0.0636 -0.0364 0.1102 0.1911 0.7406 0.2207 0.9676 -0.1227
-0.1114 -0.0364 0.0242 0.29 0.5482 0.2207 0.9676 -0.1227
-0.1454 -0.0275 0.023 0.3712 0.5353 0.2536 0.9594 -0.1235
-0.1073 -0.0276 0.1006 0.2975 0.715 0.2536 0.9594 -0.1235
-0.1114 -0.0364 0.0242 0.29 0.5482 0.2536 0.9594 -0.1235
0.0021 -0.0278 0.1413 0.0231 0.8375 0.0516 0.9303 -0.3632
0.0019 -0.0364 0.1195 0.0231 0.7249 0.0516 0.9303 -0.3632
-0.0636 -0.0364 0.1102 0.1911 0.7406 0.0516 0.9303 -0.3632
-0.0401 -0.0278 0.137 0.1454 0.8147 0.0342 0.9433 -0.3302
0.0021 -0.0278 0.1413 0.0231 0.8375 0.0342 0.9433 -0.3302
-0.0636 -0.0364 0.1102 0.1911 0.7406 0.0342 0.9433 -0.3302
-0.1778 -0.0245 -0.0761 0.4467 0.3089 0.0507 0.9918 0.1169
-0.1483 -0.0275 -0.0628 0.3748 0.3446 0.0507 0.9918 0.1169
-0.0548 -0.0274 -0.1045 0.1484 0.2656 0.0507 0.9918 0.1169
-0.0634 -0.0145 -0.129 0.1731 0.2025 0.1207 0.8949 0.4297
-0.1778 -0.0245 -0.0761 0.4467 0.3089 0.1207 0.8949 0.4297
-0.0548 -0.0274 -0.1045 0.1484 0.2656 0.1207 0.8949 0.4297
-0.1757 -0.0218 0.0291 0.4421 0.5396 0.1835 0.983 -0.0062
-0.1454 -0.0275 0.023 0.3712 0.5353 0.1835 0.983 -0.0062
-0.1483 -0.0275 -0.0628 0.3748 0.3446 0.1835 0.983 -0.0062
-0.1778 -0.0245 -0.0761 0.4467 0.3089 0.1157 0.9929 -0.027
-0.1757 -0.0218 0.0291 0.4421 0.5396 0.1157 0.9929 -0.027
-0.1483 -0.0275 -0.0628 0.3748 0.3446 0.1157 0.9929 -0.027
-0.1268 -0.0228 0.1186 0.3573 0.7575 0.1687 0.9823 -0.0819
-0.1073 -0.0276 0.1006 0.2975 0.715 0.1687 0.9823 -0.0819
-0.1454 -0.0275 0.023 0.3712 0.5353 0.1687 0.9823 -0.0819
-0.1757 -0.0218 0.0291 0.4421 0.5396 0.1683 0.9823 -0.0818
-0.1268 -0.0228 0.1186 0.3573 0.7575 0.1683 0.9823 -0.0818
-0.1454 -0.0275 0.023 0.3712 0.5353 0.1683 0.9823 -0.0818
-0.0491 -0.0267 0.1659 0.1859 0.8953 0.0209 0.9993 -0.0321
-0.0401 -0.0278 0.137 0.1454 0.8147 0.0209 0.9993 -0.0321
-0.1073 -0.0276 0.1006 0.2975 0.715 0.0209 0.9993 -0.0321
-0.1268 -0.0228 0.1186 0.3573 0.7575 0.1274 0.9837 -0.1268
-0.0491 -0.0267 0.1659 0.1859 0.8953 0.1274 0.9837 -0.1268
-0.1073 -0.0276 0.1006 0.2975 0.715 0.1274 0.9837 -0.1268
0.0026 -0.0244 0.177 0.0231 0.908 0.0099 0.9954 -0.0958
0.0021 -0.0278 0.1413 0.0231 0.8375 0.0099 0.9954 -0.0958
-0.0401 -0.0278 0.137 0.1454 0.8147 0.0099 0.9954 -0.0958
-0.0491 -0.0267 0.1659 0.1859 0.8953 -0.034 0.9982 -0.0492
0.0026 -0.0244 0.177 0.0231 0.908 -0.034 0.9982 -0.0492
-0.0401 -0.0278 0.137 0.1454 0.8147 -0.034 0.9982 -0.0492
-0.0775 -0.0131 -0.1716 0.1758 0.1142 -0.0055 0.9994 0.0342
-0.0634 -0.0145 -0.129 0.1621 0.1746 -0.0055 0.9994 0.0342
-0.0004 -0.014 -0.1333 0.0231 0.1786 -0.0055 0.9994 0.0342
-0.0008 -0.0138 -0.177 0.0231 0.1217 0.009 0.9999 0.0052
-0.0775 -0.0131 -0.1716 0.1758 0.1142 0.009 0.9999 0.0052
-0.0004 -0.014 -0.1333 0.0231 0.1786 0.009 0.9999 0.0052
-0.0636 -0.0364 0.1102 0.1911 0.7406 -0.049 0.9375 0.3445
0.0019 -0.0364 0.1195 0.0231 0.7249 -0.049 0.9375 0.3445
0.0015 -0.0214 0.0787 0.0231 0.6585 -0.049 0.9375 0.3445
-0.0285 -0.021 0.0769 0.0963 0.6629 -0.0113 0.9119 0.4102
-0.0636 -0.0364 0.1102 0.1911 0.7406 -0.0113 0.9119 0.4102
0.0015 -0.0214 0.0787 0.0231 0.6585 -0.0113 0.9119 0.4102
-0.0285 -0.021 0.0769 0.0963 0.6629 -0.0069 0.9386 0.3449
0.0015 -0.0214 0.0787 0.0231 0.6585 -0.0069 0.9386 0.3449
0.0012 -0.0094 0.046 0.0231 0.6134 -0.0069 0.9386 0.3449
-0.0148 -0.0094 0.0461 0.0595 0.6097 0.0032 0.9354 0.3535
-0.0285 -0.021 0.0769 0.0963 0.6629 0.0032 0.9354 0.3535
0.0012 -0.0094 0.046 0.0231 0.6134 0.0032 0.9354 0.3535
-0.0587 -0.0364 -0.0852 0.1554 0.3197 -0.3698 0.8234 -0.4305
-0.1137 -0.0364 -0.038 0.2894 0.4116 -0.3698 0.8234 -0.4305
-0.0801 -0.0179 -0.0315 0.2016 0.4435 -0.3698 0.8234 -0.4305
-0.0435 -0.0165 -0.0716 0.1149 0.38 -0.5277 0.7162 -0.4567
-0.0587 -0.0364 -0.0852 0.1554 0.3197 -0.5277 0.7162 -0.4567
-0.0801 -0.0179 -0.0315 0.2016 0.4435 -0.5277 0.7162 -0.4567
-0.1137 -0.0364 -0.038 0.2894 0.4116 -0.4276 0.9038 0.0158
-0.1114 -0.0364 0.0242 0.29 0.5482 -0.4276 0.9038 0.0158
-0.072 -0.0176 0.0154 0.1889 0.5405 -0.4276 0.9038 0.0158
-0.0801 -0.0179 -0.0315 0.2016 0.4435 -0.4919 0.867 0.0789
-0.1137 -0.0364 -0.038 0.2894 0.4116 -0.4919 0.867 0.0789
-0.072 -0.0176 0.0154 0.1889 0.5405 -0.4919 0.867 0.0789
-0.1114 -0.0364 0.0242 0.29 0.5482 -0.2733 0.9499 0.1518
-0.0636 -0.0364 0.1102 0.1911 0.7406 -0.2733 0.9499 0.1518
-0.0285 -0.021 0.0769 0.0963 0.6629 -0.2733 0.9499 0.1518
-0.072 -0.0176 0.0154 0.1889 0.5405 -0.3556 0.8851 0.3001
-0.1114 -0.0364 0.0242 0.29 0.5482 -0.3556 0.8851 0.3001
-0.0285 -0.021 0.0769 0.0963 0.6629 -0.3556 0.8851 0.3001
-0.0801 -0.0179 -0.0315 0.2016 0.4435 -0.2348 0.9533 -0.19
-0.0464 -0.0073 -0.0199 0.125 0.4847 -0.2348 0.9533 -0.19
-0.0246 -0.0065 -0.0427 0.0761 0.4534 -0.2348 0.9533 -0.19
-0.0435 -0.0165 -0.0716 0.1149 0.38 -0.2331 0.9559 -0.1786
-0.0801 -0.0179 -0.0315 0.2016 0.4435 -0.2331 0.9559 -0.1786
-0.0246 -0.0065 -0.0427 0.0761 0.4534 -0.2331 0.9559 -0.1786
-0.0801 -0.0179 -0.0315 0.2016 0.4435 -0.3042 0.9515 0.0456
-0.072 -0.0176 0.0154 0.1889 0.5405 -0.3042 0.9515 0.0456
-0.041 -0.0074 0.0101 0.1156 0.542 -0.3042 0.9515 0.0456
-0.0464 -0.0073 -0.0199 0.125 0.4847 -0.3188 0.9459 0.0608
-0.0801 -0.0179 -0.0315 0.2016 0.4435 -0.3188 0.9459 0.0608
-0.041 -0.0074 0.0101 0.1156 0.542 -0.3188 0.9459 0.0608
-0.072 -0.0176 0.0154 0.1889 0.5405 -0.261 0.936 0.2361
-0.0285 -0.021 0.0769 0.0963 0.6629 -0.261 0.936 0.2361
-0.0148 -0.0094 0.0461 0.0595 0.6097 -0.261 0.936 0.2361
-0.041 -0.0074 0.0101 0.1156 0.542 -0.2644 0.9333 0.2431
-0.072 -0.0176 0.0154 0.1889 0.5405 -0.2644 0.9333 0.2431
-0.0148 -0.0094 0.0461 0.0595 0.6097 -0.2644 0.9333 0.2431
-0.0435 -0.0165 -0.0716 0.1149 0.38 -0.003 0.9458 -0.3249
-0.0246 -0.0065 -0.0427 0.0761 0.4534 -0.003 0.9458 -0.3249
0.0004 -0.0065 -0.0429 0.0231 0.4674 -0.003 0.9458 -0.3249
0 -0.0165 -0.0845 0.0231 0.3907 -0.0688 0.9701 -0.2327
-0.0435 -0.0165 -0.0716 0.1149 0.38 -0.0688 0.9701 -0.2327
0.0004 -0.0065 -0.0429 0.0231 0.4674 -0.0688 0.9701 -0.2327
-0.0004 -0.014 -0.1333 0.0231 0.1786 0.0245 0.8878 0.4595
-0.0634 -0.0145 -0.129 0.1621 0.1746 0.0245 0.8878 0.4595
-0.0548 -0.0274 -0.1045 0.1484 0.2656 0.0245 0.8878 0.4595
-0.0002 -0.0237 -0.1086 0.0231 0.2704 -0.0361 0.9305 0.3646
-0.0004 -0.014 -0.1333 0.0231 0.1786 -0.0361 0.9305 0.3646
-0.0548 -0.0274 -0.1045 0.1484 0.2656 -0.0361 0.9305 0.3646
0 -0.0165 -0.0845 0.0231 0.3907 -0.1795 0.5603 -0.8086
-0.0001 -0.0364 -0.0982 0.0231 0.3196 -0.1795 0.5603 -0.8086
-0.0587 -0.0364 -0.0852 0.1554 0.3197 -0.1795 0.5603 -0.8086
-0.0435 -0.0165 -0.0716 0.1149 0.38 -0.2137 0.6578 -0.7222
0 -0.0165 -0.0845 0.0231 0.3907 -0.2137 0.6578 -0.7222
-0.0587 -0.0364 -0.0852 0.1554 0.3197 -0.2137 0.6578 -0.7222
-0.0587 -0.0364 -0.0852 0.1554 0.3197 0.1695 0.6233 0.7634
-0.0001 -0.0364 -0.0982 0.0231 0.3196 0.1695 0.6233 0.7634
-0.0002 -0.0237 -0.1086 0.0231 0.2704 0.1695 0.6233 0.7634
-0.0548 -0.0274 -0.1045 0.1484 0.2656 -0.0306 0.9081 0.4176
-0.0587 -0.0364 -0.0852 0.1554 0.3197 -0.0306 0.9081 0.4176
-0.0002 -0.0237 -0.1086 0.0231 0.2704 -0.0306 0.9081 0.4176
0.1487 -0.0275 -0.0655 0.3748 0.3446 -0.1899 0.8725 0.4501
0.0545 -0.0274 -0.1055 0.1484 0.2656 -0.1899 0.8725 0.4501
0.0587 -0.0364 -0.0863 0.1554 0.3197 -0.1899 0.8725 0.4501
0.1145 -0.0364 -0.0401 0.2894 0.4116 -0.1334 0.9779 0.161
0.1487 -0.0275 -0.0655 0.3748 0.3446 -0.1334 0.9779 0.161
0.0587 -0.0364 -0.0863 0.1554 0.3197 -0.1334 0.9779 0.161
0.1473 -0.0275 0.0204 0.3712 0.5353 -0.2534 0.9674 -0.004
0.1487 -0.0275 -0.0655 0.3748 0.3446 -0.2534 0.9674 -0.004
0.1145 -0.0364 -0.0401 0.2894 0.4116 -0.2534 0.9674 -0.004
0.1134 -0.0364 0.0221 0.29 0.5482 -0.252 0.9677 -0.0048
0.1473 -0.0275 0.0204 0.3712 0.5353 -0.252 0.9677 -0.0048
0.1145 -0.0364 -0.0401 0.2894 0.4116 -0.252 0.9677 -0.0048
0.1107 -0.0276 0.0986 0.2975 0.715 -0.2558 0.9594 -0.1188
0.1473 -0.0275 0.0204 0.3712 0.5353 -0.2558 0.9594 -0.1188
0.1134 -0.0364 0.0221 0.29 0.5482 -0.2558 0.9594 -0.1188
0.0672 -0.0364 0.109 0.1911 0.7406 -0.2229 0.9676 -0.1186
0.1107 -0.0276 0.0986 0.2975 0.715 -0.2229 0.9676 -0.1186
0.1134 -0.0364 0.0221 0.29 0.5482 -0.2229 0.9676 -0.1186
0.0021 -0.0278 0.1413 0.0231 0.8375 -0.0402 0.9433 -0.3295
0.0442 -0.0278 0.1362 0.1454 0.8147 -0.0402 0.9433 -0.3295
0.0672 -0.0364 0.109 0.1911 0.7406 -0.0402 0.9433 -0.3295
0.0019 -0.0364 0.1195 0.0231 0.7249 -0.0582 0.9303 -0.3622
0.0021 -0.0278 0.1413 0.0231 0.8375 -0.0582 0.9303 -0.3622
0.0672 -0.0364 0.109 0.1911 0.7406 -0.0582 0.9303 -0.3622
0.178 -0.0245 -0.0793 0.4467 0.3089 -0.1128 0.8949 0.4318
0.0626 -0.0145 -0.1301 0.1731 0.2025 -0.1128 0.8949 0.4318
0.0545 -0.0274 -0.1055 0.1484 0.2656 -0.1128 0.8949 0.4318
0.1487 -0.0275 -0.0655 0.3748 0.3446 -0.0486 0.9918 0.1178
0.178 -0.0245 -0.0793 0.4467 0.3089 -0.0486 0.9918 0.1178
0.0545 -0.0274 -0.1055 0.1484 0.2656 -0.0486 0.9918 0.1178
0.1777 -0.0238 0.0259 0.4421 0.5396 -0.1074 0.9942 -0.0061
0.178 -0.0245 -0.0793 0.4467 0.3089 -0.1074 0.9942 -0.0061
0.1487 -0.0275 -0.0655 0.3748 0.3446 -0.1074 0.9942 -0.0061
0.1473 -0.0275 0.0204 0.3712 0.5353 -0.1206 0.9927 -0.0018
0.1777 -0.0238 0.0259 0.4421 0.5396 -0.1206 0.9927 -0.0018
0.1487 -0.0275 -0.0655 0.3748 0.3446 -0.1206 0.9927 -0.0018
0.1305 -0.0261 0.1163 0.3573 0.7575 -0.1147 0.9928 -0.0346
0.1777 -0.0238 0.0259 0.4421 0.5396 -0.1147 0.9928 -0.0346
0.1473 -0.0275 0.0204 0.3712 0.5353 -0.1147 0.9928 -0.0346
0.1107 -0.0276 0.0986 0.2975 0.715 -0.0526 0.9983 -0.0238
0.1305 -0.0261 0.1163 0.3573 0.7575 -0.0526 0.9983 -0.0238
0.1473 -0.0275 0.0204 0.3712 0.5353 -0.0526 0.9983 -0.0238
0.0537 -0.0277 0.165 0.1859 0.8953 -0.0425 0.9985 -0.0352
0.1305 -0.0261 0.1163 0.3573 0.7575 -0.0425 0.9985 -0.0352
0.1107 -0.0276 0.0986 0.2975 0.715 -0.0425 0.9985 -0.0352
0.0442 -0.0278 0.1362 0.1454 0.8147 -0.0054 1 -0.0033
0.0537 -0.0277 0.165 0.1859 0.8953 -0.0054 1 -0.0033
0.1107 -0.0276 0.0986 0.2975 0.715 -0.0054 1 -0.0033
0.0026 -0.0244 0.177 0.0231 0.908 0.0583 0.998 -0.0244
0.0537 -0.0277 0.165 0.1859 0.8953 0.0583 0.998 -0.0244
0.0442 -0.0278 0.1362 0.1454 0.8147 0.0583 0.998 -0.0244
0.0021 -0.0278 0.1413 0.0231 0.8375 -0.0116 0.9954 -0.0955
0.0026 -0.0244 0.177 0.0231 0.908 -0.0116 0.9954 -0.0955
0.0442 -0.0278 0.1362 0.1454 0.8147 -0.0116 0.9954 -0.0955
0.0759 -0.014 -0.1731 0.1758 0.1142 0.0021 1 0.0052
-0.0008 -0.0138 -0.177 0.0231 0.1217 0.0021 1 0.0052
-0.0004 -0.014 -0.1333 0.0231 0.1786 0.0021 1 0.0052
0.0626 -0.0145 -0.1301 0.1621 0.1746 0.0071 0.9999 0.0147
0.0759 -0.014 -0.1731 0.1758 0.1142 0.0071 0.9999 0.0147
-0.0004 -0.014 -0.1333 0.0231 0.1786 0.0071 0.9999 0.0147
0.0672 -0.0364 0.109 0.1911 0.7406 0.0187 0.9119 0.4099
0.0315 -0.021 0.0763 0.0963 0.6629 0.0187 0.9119 0.4099
0.0015 -0.0214 0.0787 0.0231 0.6585 0.0187 0.9119 0.4099
0.0019 -0.0364 0.1195 0.0231 0.7249 0.0552 0.9375 0.3435
0.0672 -0.0364 0.109 0.1911 0.7406 0.0552 0.9375 0.3435
0.0015 -0.0214 0.0787 0.0231 0.6585 0.0552 0.9375 0.3435
0.0315 -0.021 0.0763 0.0963 0.6629 0.0032 0.9354 0.3535
0.0173 -0.0094 0.0458 0.0595 0.6097 0.0032 0.9354 0.3535
0.0012 -0.0094 0.046 0.0231 0.6134 0.0032 0.9354 0.3535
0.0015 -0.0214 0.0787 0.0231 0.6585 0.0132 0.9386 0.3447
0.0315 -0.021 0.0763 0.0963 0.6629 0.0132 0.9386 0.3447
0.0012 -0.0094 0.046 0.0231 0.6134 0.0132 0.9386 0.3447
0.0587 -0.0364 -0.0863 0.1554 0.3197 0.5193 0.7162 -0.4663
0.0437 -0.0165 -0.0724 0.1149 0.38 0.5193 0.7162 -0.4663
0.0811 -0.0179 -0.033 0.2016 0.4435 0.5193 0.7162 -0.4663
0.1145 -0.0364 -0.0401 0.2894 0.4116 0.3619 0.8234 -0.4371
0.0587 -0.0364 -0.0863 0.1554 0.3197 0.3619 0.8234 -0.4371
0.0811 -0.0179 -0.033 0.2016 0.4435 0.3619 0.8234 -0.4371
0.1145 -0.0364 -0.0401 0.2894 0.4116 0.4933 0.8671 0.0699
0.0811 -0.0179 -0.033 0.2016 0.4435 0.4933 0.8671 0.0699
0.0738 -0.0176 0.0141 0.1889 0.5405 0.4933 0.8671 0.0699
0.1134 -0.0364 0.0221 0.29 0.5482 0.4278 0.9038 0.008
0.1145 -0.0364 -0.0401 0.2894 0.4116 0.4278 0.9038 0.008
0.0738 -0.0176 0.0141 0.1889 0.5405 0.4278 0.9038 0.008
0.1134 -0.0364 0.0221 0.29 0.5482 0.361 0.8851 0.2936
0.0738 -0.0176 0.0141 0.1889 0.5405 0.361 0.8851 0.2936
0.0315 -0.021 0.0763 0.0963 0.6629 0.361 0.8851 0.2936
0.0672 -0.0364 0.109 0.1911 0.7406 0.276 0.9499 0.1468
0.1134 -0.0364 0.0221 0.29 0.5482 0.276 0.9499 0.1468
0.0315 -0.021 0.0763 0.0963 0.6629 0.276 0.9499 0.1468
0.0811 -0.0179 -0.033 0.2016 0.4435 0.2298 0.9559 -0.1829
0.0437 -0.0165 -0.0724 0.1149 0.38 0.2298 0.9559 -0.1829
0.0254 -0.0065 -0.0431 0.0761 0.4534 0.2298 0.9559 -0.1829
0.0476 -0.0073 -0.0208 0.125 0.4847 0.2313 0.9533 -0.1942
0.0811 -0.0179 -0.033 0.2016 0.4435 0.2313 0.9533 -0.1942
0.0254 -0.0065 -0.0431 0.0761 0.4534 0.2313 0.9533 -0.1942
0.0811 -0.0179 -0.033 0.2016 0.4435 0.3199 0.9459 0.055
0.0476 -0.0073 -0.0208 0.125 0.4847 0.3199 0.9459 0.055
0.0428 -0.0074 0.0094 0.1156 0.542 0.3199 0.9459 0.055
0.0738 -0.0176 0.0141 0.1889 0.5405 0.3049 0.9515 0.04
0.0811 -0.0179 -0.033 0.2016 0.4435 0.3049 0.9515 0.04
0.0428 -0.0074 0.0094 0.1156 0.542 0.3049 0.9515 0.04
0.0738 -0.0176 0.0141 0.1889 0.5405 0.2687 0.9333 0.2383
0.0428 -0.0074 0.0094 0.1156 0.542 0.2687 0.9333 0.2383
0.0173 -0.0094 0.0458 0.0595 0.6097 0.2687 0.9333 0.2383
0.0315 -0.021 0.0763 0.0963 0.6629 0.2652 0.936 0.2313
0.0738 -0.0176 0.0141 0.1889 0.5405 0.2652 0.936 0.2313
0.0173 -0.0094 0.0458 0.0595 0.6097 0.2652 0.936 0.2313
0.0437 -0.0165 -0.0724 0.1149 0.38 0.0646 0.9701 -0.2339
0 -0.0165 -0.0845 0.0231 0.3907 0.0646 0.9701 -0.2339
0.0004 -0.0065 -0.0429 0.0231 0.4674 0.0646 0.9701 -0.2339
0.0254 -0.0065 -0.0431 0.0761 0.4534 -0.003 0.9458 -0.3249
0.0437 -0.0165 -0.0724 0.1149 0.38 -0.003 0.9458 -0.3249
0.0004 -0.0065 -0.0429 0.0231 0.4674 -0.003 0.9458 -0.3249
-0.0004 -0.014 -0.1333 0.0231 0.1786 0.0427 0.9305 0.3639
-0.0002 -0.0237 -0.1086 0.0231 0.2704 0.0427 0.9305 0.3639
0.0545 -0.0274 -0.1055 0.1484 0.2656 0.0427 0.9305 0.3639
0.0626 -0.0145 -0.1301 0.1621 0.1746 -0.0162 0.8878 0.4599
-0.0004 -0.014 -0.1333 0.0231 0.1786 -0.0162 0.8878 0.4599
0.0545 -0.0274 -0.1055 0.1484 0.2656 -0.0162 0.8878 0.4599
0 -0.0165 -0.0845 0.0231 0.3907 0.2005 0.6578 -0.726
0.0437 -0.0165 -0.0724 0.1149 0.38 0.2005 0.6578 -0.726
0.0587 -0.0364 -0.0863 0.1554 0.3197 0.2005 0.6578 -0.726
-0.0001 -0.0364 -0.0982 0.0231 0.3196 0.1648 0.5603 -0.8117
0 -0.0165 -0.0845 0.0231 0.3907 0.1648 0.5603 -0.8117
0.0587 -0.0364 -0.0863 0.1554 0.3197 0.1648 0.5603 -0.8117
0.0587 -0.0364 -0.0863 0.1554 0.3197 0.0382 0.9081 0.417
0.0545 -0.0274 -0.1055 0.1484 0.2656 0.0382 0.9081 0.417
-0.0002 -0.0237 -0.1086 0.0231 0.2704 0.0382 0.9081 0.417
-0.0001 -0.0364 -0.0982 0.0231 0.3196 -0.1555 0.6233 0.7664
0.0587 -0.0364 -0.0863 0.1554 0.3197 -0.1555 0.6233 0.7664
-0.0002 -0.0237 -0.1086 0.0231 0.2704 -0.1555 0.6233 0.7664
-0.0448 0.0414 -0.0911 0.8555 0.2887 -0.1794 0.7703 -0.6119
-0.0684 -0.001 -0.1374 0.7839 0.1392 -0.1794 0.7703 -0.6119
-0.1855 0.0122 -0.0865 0.4734 0.2825 -0.1794 0.7703 -0.6119
-0.1151 0.0499 -0.0595 0.6748 0.3781 -0.1798 0.7725 -0.609
-0.0448 0.0414 -0.0911 0.8555 0.2887 -0.1798 0.7725 -0.609
-0.1855 0.0122 -0.0865 0.4734 0.2825 -0.1798 0.7725 -0.609
-0.1151 0.0499 -0.0595 0.6748 0.3781 -0.4299 0.8941 -0.1254
-0.1855 0.0122 -0.0865 0.4734 0.2825 -0.4299 0.8941 -0.1254
-0.1834 0.0285 0.0222 0.4734 0.5762 -0.4299 0.8941 -0.1254
-0.1061 0.0609 0.0079 0.6945 0.5499 -0.4003 0.9113 -0.0962
-0.1151 0.0499 -0.0595 0.6748 0.3781 -0.4003 0.9113 -0.0962
-0.1834 0.0285 0.0222 0.4734 0.5762 -0.4003 0.9113 -0.0962
-0.1061 0.0609 0.0079 0.6945 0.5499 -0.3834 0.9233 0.0222
-0.1834 0.0285 0.0222 0.4734 0.5762 -0.3834 0.9233 0.0222
-0.1358 0.046 0.1176 0.5974 0.8333 -0.3834 0.9233 0.0222
-0.0628 0.0752 0.0734 0.8044 0.7219 -0.354 0.9347 0.0317
-0.1061 0.0609 0.0079 0.6945 0.5499 -0.354 0.9347 0.0317
-0.1358 0.046 0.1176 0.5974 0.8333 -0.354 0.9347 0.0317
-0.0628 0.0752 0.0734 0.8044 0.7219 0.0027 0.9863 0.1648
-0.0516 0.0604 0.1616 0.8215 0.9584 0.0027 0.9863 0.1648
0.0023 0.0593 0.1675 0.9582 0.9759 0.0027 0.9863 0.1648
0.0017 0.0793 0.0985 0.9582 0.7858 -0.1678 0.9464 0.2759
-0.0628 0.0752 0.0734 0.8044 0.7219 -0.1678 0.9464 0.2759
0.0023 0.0593 0.1675 0.9582 0.9759 -0.1678 0.9464 0.2759
0.0447 0.0414 -0.0919 0.8555 0.2887 0.1687 0.7725 -0.6122
0.1156 0.0499 -0.0616 0.6748 0.3781 0.1687 0.7725 -0.6122
0.1855 0.0122 -0.0898 0.4734 0.2834 0.1687 0.7725 -0.6122
0.0675 -0.001 -0.1387 0.7839 0.1392 0.1683 0.7703 -0.6151
0.0447 0.0414 -0.0919 0.8555 0.2887 0.1683 0.7703 -0.6151
0.1855 0.0122 -0.0898 0.4734 0.2834 0.1683 0.7703 -0.6151
0.1156 0.0499 -0.0616 0.6748 0.3781 0.3985 0.9113 -0.1034
0.1078 0.0609 0.006 0.6945 0.5499 0.3985 0.9113 -0.1034
0.1854 0.0285 0.0189 0.4734 0.5762 0.3985 0.9113 -0.1034
0.1855 0.0122 -0.0898 0.4734 0.2834 0.4276 0.8941 -0.1332
0.1156 0.0499 -0.0616 0.6748 0.3781 0.4276 0.8941 -0.1332
0.1854 0.0285 0.0189 0.4734 0.5762 0.4276 0.8941 -0.1332
0.1078 0.0609 0.006 0.6945 0.5499 0.3545 0.9347 0.0253
0.0657 0.0752 0.0722 0.8049 0.722 0.3545 0.9347 0.0253
0.1395 0.046 0.1151 0.5974 0.8333 0.3545 0.9347 0.0253
0.1854 0.0285 0.0189 0.4734 0.5762 0.3837 0.9233 0.0153
0.1078 0.0609 0.006 0.6945 0.5499 0.3837 0.9233 0.0153
0.1395 0.046 0.1151 0.5974 0.8333 0.3837 0.9233 0.0153
0.0657 0.0752 0.0722 0.8049 0.722 0.1728 0.9464 0.2728
0.0017 0.0793 0.0985 0.9582 0.7858 0.1728 0.9464 0.2728
0.0023 0.0593 0.1675 0.9582 0.9759 0.1728 0.9464 0.2728
0.0561 0.0604 0.1607 0.8215 0.9584 0.0003 0.9863 0.1648
0.0657 0.0752 0.0722 0.8049 0.722 0.0003 0.9863 0.1648
0.0023 0.0593 0.1675 0.9582 0.9759 0.0003 0.9863 0.1648
-0.178 -0.0227 -0.0812 0.4734 0.2825 -0.1934 -0.8638 -0.4653
-0.0684 -0.019 -0.1337 0.7839 0.1392 -0.1934 -0.8638 -0.4653
-0.0448 -0.0527 -0.0807 0.8555 0.2887 -0.1934 -0.8638 -0.4653
-0.1151 -0.0554 -0.0481 0.6748 0.3781 -0.1913 -0.855 -0.4821
-0.178 -0.0227 -0.0812 0.4734 0.2825 -0.1913 -0.855 -0.4821
-0.0448 -0.0527 -0.0807 0.8555 0.2887 -0.1913 -0.855 -0.4821
-0.1832 -0.02 0.0286 0.4734 0.5762 -0.4615 -0.8871 0.0001
-0.178 -0.0227 -0.0812 0.4734 0.2825 -0.4615 -0.8871 0.0001
-0.1151 -0.0554 -0.0481 0.6748 0.3781 -0.4615 -0.8871 0.0001
-0.1061 -0.0547 0.0202 0.6945 0.5499 -0.404 -0.9126 0.0629
-0.1832 -0.02 0.0286 0.4734 0.5762 -0.404 -0.9126 0.0629
-0.1151 -0.0554 -0.0481 0.6748 0.3781 -0.404 -0.9126 0.0629
-0.1355 -0.0209 0.1254 0.5974 0.8333 -0.3872 -0.9039 0.1818
-0.1832 -0.02 0.0286 0.4734 0.5762 -0.3872 -0.9039 0.1818
-0.1061 -0.0547 0.0202 0.6945 0.5499 -0.3872 -0.9039 0.1818
-0.0626 -0.0576 0.0871 0.8044 0.7219 -0.3578 -0.9136 0.1931
-0.1355 -0.0209 0.1254 0.5974 0.8333 -0.3578 -0.9136 0.1931
-0.1061 -0.0547 0.0202 0.6945 0.5499 -0.3578 -0.9136 0.1931
0.0026 -0.0259 0.177 0.9582 0.9759 -0.0022 -0.9428 0.3334
-0.0513 -0.0278 0.1712 0.8215 0.9584 -0.0022 -0.9428 0.3334
-0.0626 -0.0576 0.0871 0.8044 0.7219 -0.0022 -0.9428 0.3334
0.0018 -0.0575 0.1125 0.9582 0.7858 -0.1709 -0.884 0.4352
0.0026 -0.0259 0.177 0.9582 0.9759 -0.1709 -0.884 0.4352
-0.0626 -0.0576 0.0871 0.8044 0.7219 -0.1709 -0.884 0.4352
0.1781 -0.0247 -0.0847 0.4734 0.2825 0.1718 -0.8576 -0.4848
0.1155 -0.0567 -0.0504 0.6748 0.3781 0.1718 -0.8576 -0.4848
0.0446 -0.0532 -0.0816 0.8555 0.2887 0.1718 -0.8576 -0.4848
0.0675 -0.0197 -0.135 0.7839 0.1392 0.1739 -0.8658 -0.4692
0.1781 -0.0247 -0.0847 0.4734 0.2825 0.1739 -0.8658 -0.4692
0.0446 -0.0532 -0.0816 0.8555 0.2887 0.1739 -0.8658 -0.4692
0.1855 -0.022 0.0249 0.4734 0.5762 0.3951 -0.917 0.0549
0.1079 -0.0559 0.018 0.6945 0.5499 0.3951 -0.917 0.0549
0.1155 -0.0567 -0.0504 0.6748 0.3781 0.3951 -0.917 0.0549
0.1781 -0.0247 -0.0847 0.4734 0.2825 0.451 -0.8925 -0.0083
0.1855 -0.022 0.0249 0.4734 0.5762 0.451 -0.8925 -0.0083
0.1155 -0.0567 -0.0504 0.6748 0.3781 0.451 -0.8925 -0.0083
0.1398 -0.0224 0.1227 0.5974 0.8333 0.3515 -0.9175 0.186
0.0657 -0.0583 0.0858 0.8044 0.7219 0.3515 -0.9175 0.186
0.1079 -0.0559 0.018 0.6945 0.5499 0.3515 -0.9175 0.186
0.1855 -0.022 0.0249 0.4734 0.5762 0.3807 -0.9082 0.1741
0.1398 -0.0224 0.1227 0.5974 0.8333 0.3807 -0.9082 0.1741
0.1079 -0.0559 0.018 0.6945 0.5499 0.3807 -0.9082 0.1741
0.0026 -0.0259 0.177 0.9582 0.9759 0.1698 -0.8858 0.4318
0.0018 -0.0575 0.1125 0.9582 0.7858 0.1698 -0.8858 0.4318
0.0657 -0.0583 0.0858 0.8044 0.7219 0.1698 -0.8858 0.4318
0.0564 -0.0284 0.1702 0.8215 0.9584 -0.0016 -0.9428 0.3334
0.0026 -0.0259 0.177 0.9582 0.9759 -0.0016 -0.9428 0.3334
0.0657 -0.0583 0.0858 0.8044 0.7219 -0.0016 -0.9428 0.3334
-0.1073 -0.0276 0.1006 0.2975 0.715 0.2743 0.8205 -0.5015
-0.0401 -0.0278 0.137 0.1454 0.8147 0.2743 0.8205 -0.5015
-0.0636 -0.0364 0.1102 0.1911 0.7406 0.2743 0.8205 -0.5015
-0.0246 -0.0065 -0.0427 0.0761 0.4534 -0.1719 0.9767 -0.1289
-0.0464 -0.0073 -0.0199 0.125 0.4847 -0.1719 0.9767 -0.1289
0.0007 0.0028 -0.0058 0.0231 0.5441 -0.1719 0.9767 -0.1289
-0.0464 -0.0073 -0.0199 0.125 0.4847 -0.2229 0.9739 0.0437
-0.041 -0.0074 0.0101 0.1156 0.542 -0.2229 0.9739 0.0437
0.0007 0.0028 -0.0058 0.0231 0.5441 -0.2229 0.9739 0.0437
-0.041 -0.0074 0.0101 0.1156 0.542 -0.1709 0.9692 0.1771
-0.0148 -0.0094 0.0461 0.0595 0.6097 -0.1709 0.9692 0.1771
0.0007 0.0028 -0.0058 0.0231 0.5441 -0.1709 0.9692 0.1771
0.0004 -0.0065 -0.0429 0.0231 0.4674 -0.0022 0.9698 -0.2439
-0.0246 -0.0065 -0.0427 0.0761 0.4534 -0.0022 0.9698 -0.2439
0.0007 0.0028 -0.0058 0.0231 0.5441 -0.0022 0.9698 -0.2439
-0.0148 -0.0094 0.0461 0.0595 0.6097 0.0021 0.9732 0.2299
0.0012 -0.0094 0.046 0.0231 0.6134 0.0021 0.9732 0.2299
0.0007 0.0028 -0.0058 0.0231 0.5441 0.0021 0.9732 0.2299
0.0672 -0.0364 0.109 0.1911 0.7406 -0.2834 0.8206 -0.4964
0.0442 -0.0278 0.1362 0.1454 0.8147 -0.2834 0.8206 -0.4964
0.1107 -0.0276 0.0986 0.2975 0.715 -0.2834 0.8206 -0.4964
0.0476 -0.0073 -0.0208 0.125 0.4847 0.1695 0.9767 -0.132
0.0254 -0.0065 -0.0431 0.0761 0.4534 0.1695 0.9767 -0.132
0.0007 0.0028 -0.0058 0.0231 0.5441 0.1695 0.9767 -0.132
0.0428 -0.0074 0.0094 0.1156 0.542 0.2237 0.9739 0.0396
0.0476 -0.0073 -0.0208 0.125 0.4847 0.2237 0.9739 0.0396
0.0007 0.0028 -0.0058 0.0231 0.5441 0.2237 0.9739 0.0396
0.0173 -0.0094 0.0458 0.0595 0.6097 0.1741 0.9692 0.1739
0.0428 -0.0074 0.0094 0.1156 0.542 0.1741 0.9692 0.1739
0.0007 0.0028 -0.0058 0.0231 0.5441 0.1741 0.9692 0.1739
0.0254 -0.0065 -0.0431 0.0761 0.4534 -0.0022 0.9698 -0.2439
0.0004 -0.0065 -0.0429 0.0231 0.4674 -0.0022 0.9698 -0.2439
0.0007 0.0028 -0.0058 0.0231 0.5441 -0.0022 0.9698 -0.2439
0.0012 -0.0094 0.046 0.0231 0.6134 0.0021 0.9732 0.2299
0.0173 -0.0094 0.0458 0.0595 0.6097 0.0021 0.9732 0.2299
0.0007 0.0028 -0.0058 0.0231 0.5441 0.0021 0.9732 0.2299
-0.0448 0.0414 -0.0911 0.8555 0.2887 -0.2256 0.7739 -0.5917
-0.0002 0.0374 -0.1132 0.9582 0.2266 -0.2256 0.7739 -0.5917
-0.0684 -0.001 -0.1374 0.7839 0.1392 -0.2256 0.7739 -0.5917
-0.0628 0.0752 0.0734 0.8044 0.7219 -0.2619 0.9459 0.1914
-0.1358 0.046 0.1176 0.5974 0.8333 -0.2619 0.9459 0.1914
-0.0516 0.0604 0.1616 0.8215 0.9584 -0.2619 0.9459 0.1914
-0.0448 0.0414 -0.0911 0.8555 0.2887 -0.0553 0.9261 -0.3731
-0.1151 0.0499 -0.0595 0.6748 0.3781 -0.0553 0.9261 -0.3731
0.0007 0.0749 -0.0147 0.9582 0.5049 -0.0553 0.9261 -0.3731
-0.1151 0.0499 -0.0595 0.6748 0.3781 -0.157 0.9777 -0.1394
-0.1061 0.0609 0.0079 0.6945 0.5499 -0.157 0.9777 -0.1394
0.0007 0.0749 -0.0147 0.9582 0.5049 -0.157 0.9777 -0.1394
-0.1061 0.0609 0.0079 0.6945 0.5499 -0.1518 0.982 -0.1124
-0.0628 0.0752 0.0734 0.8044 0.7219 -0.1518 0.982 -0.1124
0.0007 0.0749 -0.0147 0.9582 0.5049 -0.1518 0.982 -0.1124
-0.0628 0.0752 0.0734 0.8044 0.7219 -0.0487 0.9981 -0.0383
0.0017 0.0793 0.0985 0.9582 0.7858 -0.0487 0.9981 -0.0383
0.0007 0.0749 -0.0147 0.9582 0.5049 -0.0487 0.9981 -0.0383
-0.0008 -0.0138 -0.177 0.9582 0.0217 -0.0152 0.9432 -0.332
-0.0775 -0.0131 -0.1716 0.7605 0.0313 -0.0152 0.9432 -0.332
-0.0684 -0.001 -0.1374 0.7839 0.1392 -0.0152 0.9432 -0.332
-0.0002 0.0374 -0.1132 0.9582 0.2266 -0.0928 0.931 -0.3529
-0.0448 0.0414 -0.0911 0.8555 0.2887 -0.0928 0.931 -0.3529
0.0007 0.0749 -0.0147 0.9582 0.5049 -0.0928 0.931 -0.3529
-0.0002 0.0374 -0.1132 0.9582 0.2266 -0.2126 0.7628 -0.6108
-0.0008 -0.0138 -0.177 0.9582 0.0217 -0.2126 0.7628 -0.6108
-0.0684 -0.001 -0.1374 0.7839 0.1392 -0.2126 0.7628 -0.6108
-0.0002 0.0374 -0.1132 0.9582 0.2266 0.2148 0.7739 -0.5957
0.0447 0.0414 -0.0919 0.8555 0.2887 0.2148 0.7739 -0.5957
0.0675 -0.001 -0.1387 0.7839 0.1392 0.2148 0.7739 -0.5957
0.1395 0.046 0.1151 0.5974 0.8333 0.2653 0.9459 0.1866
0.0657 0.0752 0.0722 0.8049 0.722 0.2653 0.9459 0.1866
0.0561 0.0604 0.1607 0.8215 0.9584 0.2653 0.9459 0.1866
0.1156 0.0499 -0.0616 0.6748 0.3781 0.0485 0.9261 -0.374
0.0447 0.0414 -0.0919 0.8555 0.2887 0.0485 0.9261 -0.374
0.0007 0.0749 -0.0147 0.9582 0.5049 0.0485 0.9261 -0.374
0.1078 0.0609 0.006 0.6945 0.5499 0.1544 0.9777 -0.1423
0.1156 0.0499 -0.0616 0.6748 0.3781 0.1544 0.9777 -0.1423
0.0007 0.0749 -0.0147 0.9582 0.5049 0.1544 0.9777 -0.1423
0.0657 0.0752 0.0722 0.8049 0.722 0.1498 0.982 -0.1152
0.1078 0.0609 0.006 0.6945 0.5499 0.1498 0.982 -0.1152
0.0007 0.0749 -0.0147 0.9582 0.5049 0.1498 0.982 -0.1152
0.0017 0.0793 0.0985 0.9582 0.7858 0.048 0.9981 -0.0391
0.0657 0.0752 0.0722 0.8049 0.722 0.048 0.9981 -0.0391
0.0007 0.0749 -0.0147 0.9582 0.5049 0.048 0.9981 -0.0391
0.0759 -0.014 -0.1731 0.7605 0.0313 0.0197 0.9369 -0.349
-0.0008 -0.0138 -0.177 0.9582 0.0217 0.0197 0.9369 -0.349
0.0675 -0.001 -0.1387 0.7839 0.1392 0.0197 0.9369 -0.349
0.0447 0.0414 -0.0919 0.8555 0.2887 0.0864 0.931 -0.3546
-0.0002 0.0374 -0.1132 0.9582 0.2266 0.0864 0.931 -0.3546
0.0007 0.0749 -0.0147 0.9582 0.5049 0.0864 0.931 -0.3546
-0.0008 -0.0138 -0.177 0.9582 0.0217 0.2014 0.7627 -0.6146
-0.0002 0.0374 -0.1132 0.9582 0.2266 0.2014 0.7627 -0.6146
0.0675 -0.001 -0.1387 0.7839 0.1392 0.2014 0.7627 -0.6146
-0.0448 -0.0527 -0.0807 0.8555 0.2887 -0.2296 -0.8635 -0.449
-0.0684 -0.019 -0.1337 0.7839 0.1392 -0.2296 -0.8635 -0.449
-0.0003 -0.0528 -0.1033 0.9582 0.2266 -0.2296 -0.8635 -0.449
-0.0626 -0.0576 0.0871 0.8044 0.7219 -0.2655 -0.8972 0.3529
-0.0513 -0.0278 0.1712 0.8215 0.9584 -0.2655 -0.8972 0.3529
-0.1355 -0.0209 0.1254 0.5974 0.8333 -0.2655 -0.8972 0.3529
-0.0448 -0.0527 -0.0807 0.8555 0.2887 -0.0864 -0.9605 -0.2646
0.0006 -0.0793 0.0007 0.9582 0.5049 -0.0864 -0.9605 -0.2646
-0.1151 -0.0554 -0.0481 0.6748 0.3781 -0.0864 -0.9605 -0.2646
-0.1151 -0.0554 -0.0481 0.6748 0.3781 -0.2175 -0.9753 0.0389
0.0006 -0.0793 0.0007 0.9582 0.5049 -0.2175 -0.9753 0.0389
-0.1061 -0.0547 0.0202 0.6945 0.5499 -0.2175 -0.9753 0.0389
-0.1061 -0.0547 0.0202 0.6945 0.5499 -0.2073 -0.9739 0.0929
0.0006 -0.0793 0.0007 0.9582 0.5049 -0.2073 -0.9739 0.0929
-0.0626 -0.0576 0.0871 0.8044 0.7219 -0.2073 -0.9739 0.0929
-0.0626 -0.0576 0.0871 0.8044 0.7219 -0.0748 -0.9787 0.191
0.0006 -0.0793 0.0007 0.9582 0.5049 -0.0748 -0.9787 0.191
0.0018 -0.0575 0.1125 0.9582 0.7858 -0.0748 -0.9787 0.191
-0.0008 -0.0138 -0.177 0.9582 0.0217 -0.0189 -0.9889 -0.1476
-0.0684 -0.019 -0.1337 0.7839 0.1392 -0.0189 -0.9889 -0.1476
-0.0775 -0.0131 -0.1716 0.7605 0.0313 -0.0189 -0.9889 -0.1476
-0.0003 -0.0528 -0.1033 0.9582 0.2266 -0.1254 -0.9618 -0.2432
0.0006 -0.0793 0.0007 0.9582 0.5049 -0.1254 -0.9618 -0.2432
-0.0448 -0.0527 -0.0807 0.8555 0.2887 -0.1254 -0.9618 -0.2432
-0.0003 -0.0528 -0.1033 0.9582 0.2266 -0.2258 -0.8613 -0.4551
-0.0684 -0.019 -0.1337 0.7839 0.1392 -0.2258 -0.8613 -0.4551
-0.0008 -0.0138 -0.177 0.9582 0.0217 -0.2258 -0.8613 -0.4551
-0.0003 -0.0528 -0.1033 0.9582 0.2266 0.211 -0.8659 -0.4534
0.0675 -0.0197 -0.135 0.7839 0.1392 0.211 -0.8659 -0.4534
0.0446 -0.0532 -0.0816 0.8555 0.2887 0.211 -0.8659 -0.4534
0.1398 -0.0224 0.1227 0.5974 0.8333 0.2626 -0.9001 0.3476
0.0564 -0.0284 0.1702 0.8215 0.9584 0.2626 -0.9001 0.3476
0.0657 -0.0583 0.0858 0.8044 0.7219 0.2626 -0.9001 0.3476
0.1155 -0.0567 -0.0504 0.6748 0.3781 0.0705 -0.9614 -0.2661
0.0006 -0.0793 0.0007 0.9582 0.5049 0.0705 -0.9614 -0.2661
0.0446 -0.0532 -0.0816 0.8555 0.2887 0.0705 -0.9614 -0.2661
0.1079 -0.0559 0.018 0.6945 0.5499 0.2074 -0.9776 0.0346
0.0006 -0.0793 0.0007 0.9582 0.5049 0.2074 -0.9776 0.0346
0.1155 -0.0567 -0.0504 0.6748 0.3781 0.2074 -0.9776 0.0346
0.0657 -0.0583 0.0858 0.8044 0.7219 0.1984 -0.9761 0.0888
0.0006 -0.0793 0.0007 0.9582 0.5049 0.1984 -0.9761 0.0888
0.1079 -0.0559 0.018 0.6945 0.5499 0.1984 -0.9761 0.0888
0.0018 -0.0575 0.1125 0.9582 0.7858 0.0677 -0.9795 0.1896
0.0006 -0.0793 0.0007 0.9582 0.5049 0.0677 -0.9795 0.1896
0.0657 -0.0583 0.0858 0.8044 0.7219 0.0677 -0.9795 0.1896
0.0759 -0.014 -0.1731 0.7605 0.0313 0.0051 -0.989 -0.1479
0.0675 -0.0197 -0.135 0.7839 0.1392 0.0051 -0.989 -0.1479
-0.0008 -0.0138 -0.177 0.9582 0.0217 0.0051 -0.989 -0.1479
0.0446 -0.0532 -0.0816 0.8555 0.2887 0.1099 -0.9631 -0.2456
0.0006 -0.0793 0.0007 0.9582 0.5049 0.1099 -0.9631 -0.2456
-0.0003 -0.0528 -0.1033 0.9582 0.2266 0.1099 -0.9631 -0.2456
-0.0008 -0.0138 -0.177 0.9582 0.0217 0.2071 -0.8637 -0.4594
0.0675 -0.0197 -0.135 0.7839 0.1392 0.2071 -0.8637 -0.4594
-0.0003 -0.0528 -0.1033 0.9582 0.2266 0.2071 -0.8637 -0.4594
