Vertex Count: 648

Data:

68.1728 0 0 0.75 1 0 -1 0
64.0615 0 23.3165 0.8056 1 0 -1 0
0 0 0 0.5 1 0 -1 0
64.0615 0 23.3165 0.8056 1 0 -1 0
52.2234 0 43.8206 0.8611 1 0 -1 0
0 0 0 0.5 1 0 -1 0
52.2234 0 43.8206 0.8611 1 0 -1 0
34.0864 0 59.0394 0.9167 1 0 -1 0
0 0 0 0.5 1 0 -1 0
34.0864 0 59.0394 0.9167 1 0 -1 0
11.8381 0 67.1371 0.9722 1 0 -1 0
0 0 0 0.5 1 0 -1 0
11.8381 0 67.1371 -0.0278 1 0 -1 0
-11.8381 0 67.1371 0.0278 1 0 -1 0
0 0 0 0.5 1 0 -1 0
-11.8381 0 67.1371 0.0278 1 0 -1 0
-34.0864 0 59.0394 0.0833 1 0 -1 0
0 0 0 0.5 1 0 -1 0
-34.0864 0 59.0394 0.0833 1 0 -1 0
-52.2234 0 43.8206 0.1389 1 0 -1 0
0 0 0 0.5 1 0 -1 0
-52.2234 0 43.8206 0.1389 1 0 -1 0
-64.0615 0 23.3165 0.1944 1 0 -1 0
0 0 0 0.5 1 0 -1 0
-64.0615 0 23.3165 0.1944 1 0 -1 0
-68.1728 0 0 0.25 1 0 -1 0
0 0 0 0.5 1 0 -1 0
-68.1728 0 0 0.25 1 0 -1 0
-64.0615 0 -23.3165 0.3056 1 0 -1 0
0 0 0 0.5 1 0 -1 0
-64.0615 0 -23.3165 0.3056 1 0 -1 0
-52.2234 0 -43.8206 0.3611 1 0 -1 0
0 0 0 0.5 1 0 -1 0
-52.2234 0 -43.8206 0.3611 1 0 -1 0
-34.0864 0 -59.0393 0.4167 1 0 -1 0
0 0 0 0.5 1 0 -1 0
-34.0864 0 -59.0393 0.4167 1 0 -1 0
-11.8381 0 -67.1371 0.4722 1 0 -1 0
0 0 0 0.5 1 0 -1 0
-11.8381 0 -67.1371 0.4722 1 0 -1 0
11.838 0 -67.1371 0.5278 1 0 -1 0
0 0 0 0.5 1 0 -1 0
11.838 0 -67.1371 0.5278 1 0 -1 0
34.0864 0 -59.0394 0.5833 1 0 -1 0
0 0 0 0.5 1 0 -1 0
34.0864 0 -59.0394 0.5833 1 0 -1 0
52.2234 0 -43.8207 0.6389 1 0 -1 0
0 0 0 0.5 1 0 -1 0
52.2234 0 -43.8207 0.6389 1 0 -1 0
64.0614 0 -23.3165 0.6944 1 0 -1 0
0 0 0 0.5 1 0 -1 0
64.0614 0 -23.3165 0.6944 1 0 -1 0
68.1728 0 0 0.75 1 0 -1 0
0 0 0 0.5 1 0 -1 0
68.1728 0.1476 0 0.75 0.8 1 0 -0
64.0615 0.1476 23.3165 0.8056 0.8 0.9397 0 0.342
68.1728 0 0 0.75 1 1 0 -0
64.0615 0.1476 23.3165 0.8056 0.8 0.9397 0 0.342
64.0615 0 23.3165 0.8056 1 0.9397 0 0.342
68.1728 0 0 0.75 1 1 0 -0
64.0615 0.1476 23.3165 0.8056 0.8 0.9397 0 0.342
52.2234 0.1476 43.8206 0.8611 0.8 0.766 0 0.6428
64.0615 0 23.3165 0.8056 1 0.9397 0 0.342
52.2234 0.1476 43.8206 0.8611 0.8 0.766 0 0.6428
52.2234 0 43.8206 0.8611 1 0.766 0 0.6428
64.0615 0 23.3165 0.8056 1 0.9397 0 0.342
52.2234 0.1476 43.8206 0.8611 0.8 0.766 0 0.6428
34.0864 0.1476 59.0394 0.9167 0.8 0.5 0 0.866
52.2234 0 43.8206 0.8611 1 0.766 0 0.6428
34.0864 0.1476 59.0394 0.9167 0.8 0.5 0 0.866
34.0864 0 59.0394 0.9167 1 0.5 0 0.866
52.2234 0 43.8206 0.8611 1 0.766 0 0.6428
34.0864 0.1476 59.0394 0.9167 0.8 0.5 0 0.866
11.8381 0.1476 67.1371 0.9722 0.8 0.1736 0 0.9848
34.0864 0 59.0394 0.9167 1 0.5 0 0.866
11.8381 0.1476 67.1371 0.9722 0.8 0.1736 0 0.9848
11.8381 0 67.1371 0.9722 1 0.1736 0 0.9848
34.0864 0 59.0394 0.9167 1 0.5 0 0.866
11.8381 0.1476 67.1371 -0.0278 0.8 0.1736 0 0.9848
-11.8381 0.1476 67.1371 0.0278 0.8 -0.1736 0 0.9848
11.8381 0 67.1371 -0.0278 1 0.1736 0 0.9848
-11.8381 0.1476 67.1371 0.0278 0.8 -0.1736 0 0.9848
-11.8381 0 67.1371 0.0278 1 -0.1736 0 0.9848
11.8381 0 67.1371 -0.0278 1 0.1736 0 0.9848
-11.8381 0.1476 67.1371 0.0278 0.8 -0.1736 0 0.9848
-34.0864 0.1476 59.0394 0.0833 0.8 -0.5 0 0.866
-11.8381 0 67.1371 0.0278 1 -0.1736 0 0.9848
-34.0864 0.1476 59.0394 0.0833 0.8 -0.5 0 0.866
-34.0864 0 59.0394 0.0833 1 -0.5 0 0.866
-11.8381 0 67.1371 0.0278 1 -0.1736 0 0.9848
-34.0864 0.1476 59.0394 0.0833 0.8 -0.5 0 0.866
-52.2234 0.1476 43.8206 0.1389 0.8 -0.766 0 0.6428
-34.0864 0 59.0394 0.0833 1 -0.5 0 0.866
-52.2234 0.1476 43.8206 0.1389 0.8 -0.766 0 0.6428
-52.2234 0 43.8206 0.1389 1 -0.766 0 0.6428
-34.0864 0 59.0394 0.0833 1 -0.5 0 0.866
-52.2234 0.1476 43.8206 0.1389 0.8 -0.766 0 0.6428
-64.0615 0.1476 23.3165 0.1944 0.8 -0.9397 0 0.342
-52.2234 0 43.8206 0.1389 1 -0.766 0 0.6428
-64.0615 0.1476 23.3165 0.1944 0.8 -0.9397 0 0.342
-64.0615 0 23.3165 0.1944 1 -0.9397 0 0.342
-52.2234 0 43.8206 0.1389 1 -0.766 0 0.6428
-64.0615 0.1476 23.3165 0.1944 0.8 -0.9397 0 0.342
-68.1728 0.1476 0 0.25 0.8 -1 0 0
-64.0615 0 23.3165 0.1944 1 -0.9397 0 0.342
-68.1728 0.1476 0 0.25 0.8 -1 0 0
-68.1728 0 0 0.25 1 -1 0 0
-64.0615 0 23.3165 0.1944 1 -0.9397 0 0.342
-68.1728 0.1476 0 0.25 0.8 -1 0 0
-64.0615 0.1476 -23.3165 0.3056 0.8 -0.9397 0 -0.342
-68.1728 0 0 0.25 1 -1 0 0
-64.0615 0.1476 -23.3165 0.3056 0.8 -0.9397 0 -0.342
-64.0615 0 -23.3165 0.3056 1 -0.9397 0 -0.342
-68.1728 0 0 0.25 1 -1 0 0
-64.0615 0.1476 -23.3165 0.3056 0.8 -0.9397 0 -0.342
-52.2234 0.1476 -43.8206 0.3611 0.8 -0.766 0 -0.6428
-64.0615 0 -23.3165 0.3056 1 -0.9397 0 -0.342
-52.2234 0.1476 -43.8206 0.3611 0.8 -0.766 0 -0.6428
-52.2234 0 -43.8206 0.3611 1 -0.766 0 -0.6428
-64.0615 0 -23.3165 0.3056 1 -0.9397 0 -0.342
-52.2234 0.1476 -43.8206 0.3611 0.8 -0.766 0 -0.6428
-34.0864 0.1476 -59.0393 0.4167 0.8 -0.5 0 -0.866
-52.2234 0 -43.8206 0.3611 1 -0.766 0 -0.6428
-34.0864 0.1476 -59.0393 0.4167 0.8 -0.5 0 -0.866
-34.0864 0 -59.0393 0.4167 1 -0.5 0 -0.866
-52.2234 0 -43.8206 0.3611 1 -0.766 0 -0.6428
-34.0864 0.1476 -59.0393 0.4167 0.8 -0.5 0 -0.866
-11.8381 0.1476 -67.1371 0.4722 0.8 -0.1736 0 -0.9848
-34.0864 0 -59.0393 0.4167 1 -0.5 0 -0.866
-11.8381 0.1476 -67.1371 0.4722 0.8 -0.1736 0 -0.9848
-11.8381 0 -67.1371 0.4722 1 -0.1736 0 -0.9848
-34.0864 0 -59.0393 0.4167 1 -0.5 0 -0.866
-11.8381 0.1476 -67.1371 0.4722 0.8 -0.1736 0 -0.9848
11.838 0.1476 -67.1371 0.5278 0.8 0.1736 0 -0.9848
-11.8381 0 -67.1371 0.4722 1 -0.1736 0 -0.9848
11.838 0.1476 -67.1371 0.5278 0.8 0.1736 0 -0.9848
11.838 0 -67.1371 0.5278 1 0.1736 0 -0.9848
-11.8381 0 -67.1371 0.4722 1 -0.1736 0 -0.9848
11.838 0.1476 -67.1371 0.5278 0.8 0.1736 0 -0.9848
34.0864 0.1476 -59.0394 0.5833 0.8 0.5 0 -0.866
11.838 0 -67.1371 0.5278 1 0.1736 0 -0.9848
34.0864 0.1476 -59.0394 0.5833 0.8 0.5 0 -0.866
34.0864 0 -59.0394 0.5833 1 0.5 0 -0.866
11.838 0 -67.1371 0.5278 1 0.1736 0 -0.9848
34.0864 0.1476 -59.0394 0.5833 0.8 0.5 0 -0.866
52.2234 0.1476 -43.8207 0.6389 0.8 0.766 0 -0.6428
34.0864 0 -59.0394 0.5833 1 0.5 0 -0.866
52.2234 0.1476 -43.8207 0.6389 0.8 0.766 0 -0.6428
52.2234 0 -43.8207 0.6389 1 0.766 0 -0.6428
34.0864 0 -59.0394 0.5833 1 0.5 0 -0.866
52.2234 0.1476 -43.8207 0.6389 0.8 0.766 0 -0.6428
64.0614 0.1476 -23.3165 0.6944 0.8 0.9397 0 -0.342
52.2234 0 -43.8207 0.6389 1 0.766 0 -0.6428
64.0614 0.1476 -23.3165 0.6944 0.8 0.9397 0 -0.342
64.0614 0 -23.3165 0.6944 1 0.9397 0 -0.342
52.2234 0 -43.8207 0.6389 1 0.766 0 -0.6428
64.0614 0.1476 -23.3165 0.6944 0.8 0.9397 0 -0.342
68.1728 0.1476 0 0.75 0.8 1 0 -0
64.0614 0 -23.3165 0.6944 1 0.9397 0 -0.342
68.1728 0.1476 0 0.75 0.8 1 0 -0
68.1728 0 0 0.75 1 1 0 -0
64.0614 0 -23.3165 0.6944 1 0.9397 0 -0.342
68.1728 0.2953 0 0.75 0.6 1 0 -0
64.0615 0.2953 23.3165 0.8056 0.6 0.9397 0 0.342
68.1728 0.1476 0 0.75 0.8 1 0 -0
64.0615 0.2953 23.3165 0.8056 0.6 0.9397 0 0.342
64.0615 0.1476 23.3165 0.8056 0.8 0.9397 0 0.342
68.1728 0.1476 0 0.75 0.8 1 0 -0
64.0615 0.2953 23.3165 0.8056 0.6 0.9397 0 0.342
52.2234 0.2953 43.8206 0.8611 0.6 0.766 0 0.6428
64.0615 0.1476 23.3165 0.8056 0.8 0.9397 0 0.342
52.2234 0.2953 43.8206 0.8611 0.6 0.766 0 0.6428
52.2234 0.1476 43.8206 0.8611 0.8 0.766 0 0.6428
64.0615 0.1476 23.3165 0.8056 0.8 0.9397 0 0.342
52.2234 0.2953 43.8206 0.8611 0.6 0.766 0 0.6428
34.0864 0.2953 59.0394 0.9167 0.6 0.5 0 0.866
52.2234 0.1476 43.8206 0.8611 0.8 0.766 0 0.6428
34.0864 0.2953 59.0394 0.9167 0.6 0.5 0 0.866
34.0864 0.1476 59.0394 0.9167 0.8 0.5 0 0.866
52.2234 0.1476 43.8206 0.8611 0.8 0.766 0 0.6428
34.0864 0.2953 59.0394 0.9167 0.6 0.5 0 0.866
11.8381 0.2953 67.1371 0.9722 0.6 0.1736 0 0.9848
34.0864 0.1476 59.0394 0.9167 0.8 0.5 0 0.866
11.8381 0.2953 67.1371 0.9722 0.6 0.1736 0 0.9848
11.8381 0.1476 67.1371 0.9722 0.8 0.1736 0 0.9848
34.0864 0.1476 59.0394 0.9167 0.8 0.5 0 0.866
11.8381 0.2953 67.1371 -0.0278 0.6 0.1736 0 0.9848
-11.8381 0.2953 67.1371 0.0278 0.6 -0.1736 0 0.9848
11.8381 0.1476 67.1371 -0.0278 0.8 0.1736 0 0.9848
-11.8381 0.2953 67.1371 0.0278 0.6 -0.1736 0 0.9848
-11.8381 0.1476 67.1371 0.0278 0.8 -0.1736 0 0.9848
11.8381 0.1476 67.1371 -0.0278 0.8 0.1736 0 0.9848
-11.8381 0.2953 67.1371 0.0278 0.6 -0.1736 0 0.9848
-34.0864 0.2953 59.0394 0.0833 0.6 -0.5 0 0.866
-11.8381 0.1476 67.1371 0.0278 0.8 -0.1736 0 0.9848
-34.0864 0.2953 59.0394 0.0833 0.6 -0.5 0 0.866
-34.0864 0.1476 59.0394 0.0833 0.8 -0.5 0 0.866
-11.8381 0.1476 67.1371 0.0278 0.8 -0.1736 0 0.9848
-34.0864 0.2953 59.0394 0.0833 0.6 -0.5 0 0.866
-52.2234 0.2953 43.8206 0.1389 0.6 -0.766 0 0.6428
-34.0864 0.1476 59.0394 0.0833 0.8 -0.5 0 0.866
-52.2234 0.2953 43.8206 0.1389 0.6 -0.766 0 0.6428
-52.2234 0.1476 43.8206 0.1389 0.8 -0.766 0 0.6428
-34.0864 0.1476 59.0394 0.0833 0.8 -0.5 0 0.866
-52.2234 0.2953 43.8206 0.1389 0.6 -0.766 0 0.6428
-64.0615 0.2953 23.3165 0.1944 0.6 -0.9397 0 0.342
-52.2234 0.1476 43.8206 0.1389 0.8 -0.766 0 0.6428
-64.0615 0.2953 23.3165 0.1944 0.6 -0.9397 0 0.342
-64.0615 0.1476 23.3165 0.1944 0.8 -0.9397 0 0.342
-52.2234 0.1476 43.8206 0.1389 0.8 -0.766 0 0.6428
-64.0615 0.2953 23.3165 0.1944 0.6 -0.9397 0 0.342
-68.1728 0.2953 0 0.25 0.6 -1 0 0
-64.0615 0.1476 23.3165 0.1944 0.8 -0.9397 0 0.342
-68.1728 0.2953 0 0.25 0.6 -1 0 0
-68.1728 0.1476 0 0.25 0.8 -1 0 0
-64.0615 0.1476 23.3165 0.1944 0.8 -0.9397 0 0.342
-68.1728 0.2953 0 0.25 0.6 -1 0 0
-64.0615 0.2953 -23.3165 0.3056 0.6 -0.9397 0 -0.342
-68.1728 0.1476 0 0.25 0.8 -1 0 0
-64.0615 0.2953 -23.3165 0.3056 0.6 -0.9397 0 -0.342
-64.0615 0.1476 -23.3165 0.3056 0.8 -0.9397 0 -0.342
-68.1728 0.1476 0 0.25 0.8 -1 0 0
-64.0615 0.2953 -23.3165 0.3056 0.6 -0.9397 0 -0.342
-52.2234 0.2953 -43.8206 0.3611 0.6 -0.766 0 -0.6428
-64.0615 0.1476 -23.3165 0.3056 0.8 -0.9397 0 -0.342
-52.2234 0.2953 -43.8206 0.3611 0.6 -0.766 0 -0.6428
-52.2234 0.1476 -43.8206 0.3611 0.8 -0.766 0 -0.6428
-64.0615 0.1476 -23.3165 0.3056 0.8 -0.9397 0 -0.342
-52.2234 0.2953 -43.8206 0.3611 0.6 -0.766 0 -0.6428
-34.0864 0.2953 -59.0393 0.4167 0.6 -0.5 0 -0.866
-52.2234 0.1476 -43.8206 0.3611 0.8 -0.766 0 -0.6428
-34.0864 0.2953 -59.0393 0.4167 0.6 -0.5 0 -0.866
-34.0864 0.1476 -59.0393 0.4167 0.8 -0.5 0 -0.866
-52.2234 0.1476 -43.8206 0.3611 0.8 -0.766 0 -0.6428
-34.0864 0.2953 -59.0393 0.4167 0.6 -0.5 0 -0.866
-11.8381 0.2953 -67.1371 0.4722 0.6 -0.1736 0 -0.9848
-34.0864 0.1476 -59.0393 0.4167 0.8 -0.5 0 -0.866
-11.8381 0.2953 -67.1371 0.4722 0.6 -0.1736 0 -0.9848
-11.8381 0.1476 -67.1371 0.4722 0.8 -0.1736 0 -0.9848
-34.0864 0.1476 -59.0393 0.4167 0.8 -0.5 0 -0.866
-11.8381 0.2953 -67.1371 0.4722 0.6 -0.1736 0 -0.9848
11.838 0.2953 -67.1371 0.5278 0.6 0.1736 0 -0.9848
-11.8381 0.1476 -67.1371 0.4722 0.8 -0.1736 0 -0.9848
11.838 0.2953 -67.1371 0.5278 0.6 0.1736 0 -0.9848
11.838 0.1476 -67.1371 0.5278 0.8 0.1736 0 -0.9848
-11.8381 0.1476 -67.1371 0.4722 0.8 -0.1736 0 -0.9848
11.838 0.2953 -67.1371 0.5278 0.6 0.1736 0 -0.9848
34.0864 0.2953 -59.0394 0.5833 0.6 0.5 0 -0.866
11.838 0.1476 -67.1371 0.5278 0.8 0.1736 0 -0.9848
34.0864 0.2953 -59.0394 0.5833 0.6 0.5 0 -0.866
34.0864 0.1476 -59.0394 0.5833 0.8 0.5 0 -0.866
11.838 0.1476 -67.1371 0.5278 0.8 0.1736 0 -0.9848
34.0864 0.2953 -59.0394 0.5833 0.6 0.5 0 -0.866
52.2234 0.2953 -43.8207 0.6389 0.6 0.766 0 -0.6428
34.0864 0.1476 -59.0394 0.5833 0.8 0.5 0 -0.866
52.2234 0.2953 -43.8207 0.6389 0.6 0.766 0 -0.6428
52.2234 0.1476 -43.8207 0.6389 0.8 0.766 0 -0.6428
34.0864 0.1476 -59.0394 0.5833 0.8 0.5 0 -0.866
52.2234 0.2953 -43.8207 0.6389 0.6 0.766 0 -0.6428
64.0614 0.2953 -23.3165 0.6944 0.6 0.9397 0 -0.342
52.2234 0.1476 -43.8207 0.6389 0.8 0.766 0 -0.6428
64.0614 0.2953 -23.3165 0.6944 0.6 0.9397 0 -0.342
64.0614 0.1476 -23.3165 0.6944 0.8 0.9397 0 -0.342
52.2234 0.1476 -43.8207 0.6389 0.8 0.766 0 -0.6428
64.0614 0.2953 -23.3165 0.6944 0.6 0.9397 0 -0.342
68.1728 0.2953 0 0.75 0.6 1 0 -0
64.0614 0.1476 -23.3165 0.6944 0.8 0.9397 0 -0.342
68.1728 0.2953 0 0.75 0.6 1 0 -0
68.1728 0.1476 0 0.75 0.8 1 0 -0
64.0614 0.1476 -23.3165 0.6944 0.8 0.9397 0 -0.342
68.1728 0.4429 0 0.75 0.4 1 0 -0
64.0615 0.4429 23.3165 0.8056 0.4 0.9397 0 0.342
68.1728 0.2953 0 0.75 0.6 1 0 -0
64.0615 0.4429 23.3165 0.8056 0.4 0.9397 0 0.342
64.0615 0.2953 23.3165 0.8056 0.6 0.9397 0 0.342
68.1728 0.2953 0 0.75 0.6 1 0 -0
64.0615 0.4429 23.3165 0.8056 0.4 0.9397 0 0.342
52.2234 0.4429 43.8206 0.8611 0.4 0.766 0 0.6428
64.0615 0.2953 23.3165 0.8056 0.6 0.9397 0 0.342
52.2234 0.4429 43.8206 0.8611 0.4 0.766 0 0.6428
52.2234 0.2953 43.8206 0.8611 0.6 0.766 0 0.6428
64.0615 0.2953 23.3165 0.8056 0.6 0.9397 0 0.342
52.2234 0.4429 43.8206 0.8611 0.4 0.766 0 0.6428
34.0864 0.4429 59.0394 0.9167 0.4 0.5 0 0.866
52.2234 0.2953 43.8206 0.8611 0.6 0.766 0 0.6428
34.0864 0.4429 59.0394 0.9167 0.4 0.5 0 0.866
34.0864 0.2953 59.0394 0.9167 0.6 0.5 0 0.866
52.2234 0.2953 43.8206 0.8611 0.6 0.766 0 0.6428
34.0864 0.4429 59.0394 0.9167 0.4 0.5 0 0.866
11.8381 0.4429 67.1371 0.9722 0.4 0.1736 0 0.9848
34.0864 0.2953 59.0394 0.9167 0.6 0.5 0 0.866
11.8381 0.4429 67.1371 0.9722 0.4 0.1736 0 0.9848
11.8381 0.2953 67.1371 0.9722 0.6 0.1736 0 0.9848
34.0864 0.2953 59.0394 0.9167 0.6 0.5 0 0.866
11.8381 0.4429 67.1371 -0.0278 0.4 0.1736 0 0.9848
-11.8381 0.4429 67.1371 0.0278 0.4 -0.1736 0 0.9848
11.8381 0.2953 67.1371 -0.0278 0.6 0.1736 0 0.9848
-11.8381 0.4429 67.1371 0.0278 0.4 -0.1736 0 0.9848
-11.8381 0.2953 67.1371 0.0278 0.6 -0.1736 0 0.9848
11.8381 0.2953 67.1371 -0.0278 0.6 0.1736 0 0.9848
-11.8381 0.4429 67.1371 0.0278 0.4 -0.1736 0 0.9848
-34.0864 0.4429 59.0394 0.0833 0.4 -0.5 0 0.866
-11.8381 0.2953 67.1371 0.0278 0.6 -0.1736 0 0.9848
-34.0864 0.4429 59.0394 0.0833 0.4 -0.5 0 0.866
-34.0864 0.2953 59.0394 0.0833 0.6 -0.5 0 0.866
-11.8381 0.2953 67.1371 0.0278 0.6 -0.1736 0 0.9848
-34.0864 0.4429 59.0394 0.0833 0.4 -0.5 0 0.866
-52.2234 0.4429 43.8206 0.1389 0.4 -0.766 0 0.6428
-34.0864 0.2953 59.0394 0.0833 0.6 -0.5 0 0.866
-52.2234 0.4429 43.8206 0.1389 0.4 -0.766 0 0.6428
-52.2234 0.2953 43.8206 0.1389 0.6 -0.766 0 0.6428
-34.0864 0.2953 59.0394 0.0833 0.6 -0.5 0 0.866
-52.2234 0.4429 43.8206 0.1389 0.4 -0.766 0 0.6428
-64.0615 0.4429 23.3165 0.1944 0.4 -0.9397 0 0.342
-52.2234 0.2953 43.8206 0.1389 0.6 -0.766 0 0.6428
-64.0615 0.4429 23.3165 0.1944 0.4 -0.9397 0 0.342
-64.0615 0.2953 23.3165 0.1944 0.6 -0.9397 0 0.342
-52.2234 0.2953 43.8206 0.1389 0.6 -0.766 0 0.6428
-64.0615 0.4429 23.3165 0.1944 0.4 -0.9397 0 0.342
-68.1728 0.4429 0 0.25 0.4 -1 0 0
-64.0615 0.2953 23.3165 0.1944 0.6 -0.9397 0 0.342
-68.1728 0.4429 0 0.25 0.4 -1 0 0
-68.1728 0.2953 0 0.25 0.6 -1 0 0
-64.0615 0.2953 23.3165 0.1944 0.6 -0.9397 0 0.342
-68.1728 0.4429 0 0.25 0.4 -1 0 0
-64.0615 0.4429 -23.3165 0.3056 0.4 -0.9397 0 -0.342
-68.1728 0.2953 0 0.25 0.6 -1 0 0
-64.0615 0.4429 -23.3165 0.3056 0.4 -0.9397 0 -0.342
-64.0615 0.2953 -23.3165 0.3056 0.6 -0.9397 0 -0.342
-68.1728 0.2953 0 0.25 0.6 -1 0 0
-64.0615 0.4429 -23.3165 0.3056 0.4 -0.9397 0 -0.342
-52.2234 0.4429 -43.8206 0.3611 0.4 -0.766 0 -0.6428
-64.0615 0.2953 -23.3165 0.3056 0.6 -0.9397 0 -0.342
-52.2234 0.4429 -43.8206 0.3611 0.4 -0.766 0 -0.6428
-52.2234 0.2953 -43.8206 0.3611 0.6 -0.766 0 -0.6428
-64.0615 0.2953 -23.3165 0.3056 0.6 -0.9397 0 -0.342
-52.2234 0.4429 -43.8206 0.3611 0.4 -0.766 0 -0.6428
-34.0864 0.4429 -59.0393 0.4167 0.4 -0.5 0 -0.866
-52.2234 0.2953 -43.8206 0.3611 0.6 -0.766 0 -0.6428
-34.0864 0.4429 -59.0393 0.4167 0.4 -0.5 0 -0.866
-34.0864 0.2953 -59.0393 0.4167 0.6 -0.5 0 -0.866
-52.2234 0.2953 -43.8206 0.3611 0.6 -0.766 0 -0.6428
-34.0864 0.4429 -59.0393 0.4167 0.4 -0.5 0 -0.866
-11.8381 0.4429 -67.1371 0.4722 0.4 -0.1736 0 -0.9848
-34.0864 0.2953 -59.0393 0.4167 0.6 -0.5 0 -0.866
-11.8381 0.4429 -67.1371 0.4722 0.4 -0.1736 0 -0.9848
-11.8381 0.2953 -67.1371 0.4722 0.6 -0.1736 0 -0.9848
-34.0864 0.2953 -59.0393 0.4167 0.6 -0.5 0 -0.866
-11.8381 0.4429 -67.1371 0.4722 0.4 -0.1736 0 -0.9848
11.838 0.4429 -67.1371 0.5278 0.4 0.1736 0 -0.9848
-11.8381 0.2953 -67.1371 0.4722 0.6 -0.1736 0 -0.9848
11.838 0.4429 -67.1371 0.5278 0.4 0.1736 0 -0.9848
11.838 0.2953 -67.1371 0.5278 0.6 0.1736 0 -0.9848
-11.8381 0.2953 -67.1371 0.4722 0.6 -0.1736 0 -0.9848
11.838 0.4429 -67.1371 0.5278 0.4 0.1736 0 -0.9848
34.0864 0.4429 -59.0394 0.5833 0.4 0.5 0 -0.866
11.838 0.2953 -67.1371 0.5278 0.6 0.1736 0 -0.9848
34.0864 0.4429 -59.0394 0.5833 0.4 0.5 0 -0.866
34.0864 0.2953 -59.0394 0.5833 0.6 0.5 0 -0.866
11.838 0.2953 -67.1371 0.5278 0.6 0.1736 0 -0.9848
34.0864 0.4429 -59.0394 0.5833 0.4 0.5 0 -0.866
52.2234 0.4429 -43.8207 0.6389 0.4 0.766 0 -0.6428
34.0864 0.2953 -59.0394 0.5833 0.6 0.5 0 -0.866
52.2234 0.4429 -43.8207 0.6389 0.4 0.766 0 -0.6428
52.2234 0.2953 -43.8207 0.6389 0.6 0.766 0 -0.6428
34.0864 0.2953 -59.0394 0.5833 0.6 0.5 0 -0.866
52.2234 0.4429 -43.8207 0.6389 0.4 0.766 0 -0.6428
64.0614 0.4429 -23.3165 0.6944 0.4 0.9397 0 -0.342
52.2234 0.2953 -43.8207 0.6389 0.6 0.766 0 -0.6428
64.0614 0.4429 -23.3165 0.6944 0.4 0.9397 0 -0.342
64.0614 0.2953 -23.3165 0.6944 0.6 0.9397 0 -0.342
52.2234 0.2953 -43.8207 0.6389 0.6 0.766 0 -0.6428
64.0614 0.4429 -23.3165 0.6944 0.4 0.9397 0 -0.342
68.1728 0.4429 0 0.75 0.4 1 0 -0
64.0614 0.2953 -23.3165 0.6944 0.6 0.9397 0 -0.342
68.1728 0.4429 0 0.75 0.4 1 0 -0
68.1728 0.2953 0 0.75 0.6 1 0 -0
64.0614 0.2953 -23.3165 0.6944 0.6 0.9397 0 -0.342
68.1728 0.5905 0 0.75 0.2 1 0 -0
64.0615 0.5905 23.3165 0.8056 0.2 0.9397 0 0.342
68.1728 0.4429 0 0.75 0.4 1 0 -0
64.0615 0.5905 23.3165 0.8056 0.2 0.9397 0 0.342
64.0615 0.4429 23.3165 0.8056 0.4 0.9397 0 0.342
68.1728 0.4429 0 0.75 0.4 1 0 -0
64.0615 0.5905 23.3165 0.8056 0.2 0.9397 0 0.342
52.2234 0.5905 43.8206 0.8611 0.2 0.766 0 0.6428
64.0615 0.4429 23.3165 0.8056 0.4 0.9397 0 0.342
52.2234 0.5905 43.8206 0.8611 0.2 0.766 0 0.6428
52.2234 0.4429 43.8206 0.8611 0.4 0.766 0 0.6428
64.0615 0.4429 23.3165 0.8056 0.4 0.9397 0 0.342
52.2234 0.5905 43.8206 0.8611 0.2 0.766 0 0.6428
34.0864 0.5905 59.0394 0.9167 0.2 0.5 0 0.866
52.2234 0.4429 43.8206 0.8611 0.4 0.766 0 0.6428
34.0864 0.5905 59.0394 0.9167 0.2 0.5 0 0.866
34.0864 0.4429 59.0394 0.9167 0.4 0.5 0 0.866
52.2234 0.4429 43.8206 0.8611 0.4 0.766 0 0.6428
34.0864 0.5905 59.0394 0.9167 0.2 0.5 0 0.866
11.8381 0.5905 67.1371 0.9722 0.2 0.1736 0 0.9848
34.0864 0.4429 59.0394 0.9167 0.4 0.5 0 0.866
11.8381 0.5905 67.1371 0.9722 0.2 0.1736 0 0.9848
11.8381 0.4429 67.1371 0.9722 0.4 0.1736 0 0.9848
34.0864 0.4429 59.0394 0.9167 0.4 0.5 0 0.866
11.8381 0.5905 67.1371 -0.0278 0.2 0.1736 0 0.9848
-11.8381 0.5905 67.1371 0.0278 0.2 -0.1736 0 0.9848
11.8381 0.4429 67.1371 -0.0278 0.4 0.1736 0 0.9848
-11.8381 0.5905 67.1371 0.0278 0.2 -0.1736 0 0.9848
-11.8381 0.4429 67.1371 0.0278 0.4 -0.1736 0 0.9848
11.8381 0.4429 67.1371 -0.0278 0.4 0.1736 0 0.9848
-11.8381 0.5905 67.1371 0.0278 0.2 -0.1736 0 0.9848
-34.0864 0.5905 59.0394 0.0833 0.2 -0.5 0 0.866
-11.8381 0.4429 67.1371 0.0278 0.4 -0.1736 0 0.9848
-34.0864 0.5905 59.0394 0.0833 0.2 -0.5 0 0.866
-34.0864 0.4429 59.0394 0.0833 0.4 -0.5 0 0.866
-11.8381 0.4429 67.1371 0.0278 0.4 -0.1736 0 0.9848
-34.0864 0.5905 59.0394 0.0833 0.2 -0.5 0 0.866
-52.2234 0.5905 43.8206 0.1389 0.2 -0.766 0 0.6428
-34.0864 0.4429 59.0394 0.0833 0.4 -0.5 0 0.866
-52.2234 0.5905 43.8206 0.1389 0.2 -0.766 0 0.6428
-52.2234 0.4429 43.8206 0.1389 0.4 -0.766 0 0.6428
-34.0864 0.4429 59.0394 0.0833 0.4 -0.5 0 0.866
-52.2234 0.5905 43.8206 0.1389 0.2 -0.766 0 0.6428
-64.0615 0.5905 23.3165 0.1944 0.2 -0.9397 0 0.342
-52.2234 0.4429 43.8206 0.1389 0.4 -0.766 0 0.6428
-64.0615 0.5905 23.3165 0.1944 0.2 -0.9397 0 0.342
-64.0615 0.4429 23.3165 0.1944 0.4 -0.9397 0 0.342
-52.2234 0.4429 43.8206 0.1389 0.4 -0.766 0 0.6428
-64.0615 0.5905 23.3165 0.1944 0.2 -0.9397 0 0.342
-68.1728 0.5905 0 0.25 0.2 -1 0 0
-64.0615 0.4429 23.3165 0.1944 0.4 -0.9397 0 0.342
-68.1728 0.5905 0 0.25 0.2 -1 0 0
-68.1728 0.4429 0 0.25 0.4 -1 0 0
-64.0615 0.4429 23.3165 0.1944 0.4 -0.9397 0 0.342
-68.1728 0.5905 0 0.25 0.2 -1 0 0
-64.0615 0.5905 -23.3165 0.3056 0.2 -0.9397 0 -0.342
-68.1728 0.4429 0 0.25 0.4 -1 0 0
-64.0615 0.5905 -23.3165 0.3056 0.2 -0.9397 0 -0.342
-64.0615 0.4429 -23.3165 0.3056 0.4 -0.9397 0 -0.342
-68.1728 0.4429 0 0.25 0.4 -1 0 0
-64.0615 0.5905 -23.3165 0.3056 0.2 -0.9397 0 -0.342
-52.2234 0.5905 -43.8206 0.3611 0.2 -0.766 0 -0.6428
-64.0615 0.4429 -23.3165 0.3056 0.4 -0.9397 0 -0.342
-52.2234 0.5905 -43.8206 0.3611 0.2 -0.766 0 -0.6428
-52.2234 0.4429 -43.8206 0.3611 0.4 -0.766 0 -0.6428
-64.0615 0.4429 -23.3165 0.3056 0.4 -0.9397 0 -0.342
-52.2234 0.5905 -43.8206 0.3611 0.2 -0.766 0 -0.6428
-34.0864 0.5905 -59.0393 0.4167 0.2 -0.5 0 -0.866
-52.2234 0.4429 -43.8206 0.3611 0.4 -0.766 0 -0.6428
-34.0864 0.5905 -59.0393 0.4167 0.2 -0.5 0 -0.866
-34.0864 0.4429 -59.0393 0.4167 0.4 -0.5 0 -0.866
-52.2234 0.4429 -43.8206 0.3611 0.4 -0.766 0 -0.6428
-34.0864 0.5905 -59.0393 0.4167 0.2 -0.5 0 -0.866
-11.8381 0.5905 -67.1371 0.4722 0.2 -0.1736 0 -0.9848
-34.0864 0.4429 -59.0393 0.4167 0.4 -0.5 0 -0.866
-11.8381 0.5905 -67.1371 0.4722 0.2 -0.1736 0 -0.9848
-11.8381 0.4429 -67.1371 0.4722 0.4 -0.1736 0 -0.9848
-34.0864 0.4429 -59.0393 0.4167 0.4 -0.5 0 -0.866
-11.8381 0.5905 -67.1371 0.4722 0.2 -0.1736 0 -0.9848
11.838 0.5905 -67.1371 0.5278 0.2 0.1736 0 -0.9848
-11.8381 0.4429 -67.1371 0.4722 0.4 -0.1736 0 -0.9848
11.838 0.5905 -67.1371 0.5278 0.2 0.1736 0 -0.9848
11.838 0.4429 -67.1371 0.5278 0.4 0.1736 0 -0.9848
-11.8381 0.4429 -67.1371 0.4722 0.4 -0.1736 0 -0.9848
11.838 0.5905 -67.1371 0.5278 0.2 0.1736 0 -0.9848
34.0864 0.5905 -59.0394 0.5833 0.2 0.5 0 -0.866
11.838 0.4429 -67.1371 0.5278 0.4 0.1736 0 -0.9848
34.0864 0.5905 -59.0394 0.5833 0.2 0.5 0 -0.866
34.0864 0.4429 -59.0394 0.5833 0.4 0.5 0 -0.866
11.838 0.4429 -67.1371 0.5278 0.4 0.1736 0 -0.9848
34.0864 0.5905 -59.0394 0.5833 0.2 0.5 0 -0.866
52.2234 0.5905 -43.8207 0.6389 0.2 0.766 0 -0.6428
34.0864 0.4429 -59.0394 0.5833 0.4 0.5 0 -0.866
52.2234 0.5905 -43.8207 0.6389 0.2 0.766 0 -0.6428
52.2234 0.4429 -43.8207 0.6389 0.4 0.766 0 -0.6428
34.0864 0.4429 -59.0394 0.5833 0.4 0.5 0 -0.866
52.2234 0.5905 -43.8207 0.6389 0.2 0.766 0 -0.6428
64.0614 0.5905 -23.3165 0.6944 0.2 0.9397 0 -0.342
52.2234 0.4429 -43.8207 0.6389 0.4 0.766 0 -0.6428
64.0614 0.5905 -23.3165 0.6944 0.2 0.9397 0 -0.342
64.0614 0.4429 -23.3165 0.6944 0.4 0.9397 0 -0.342
52.2234 0.4429 -43.8207 0.6389 0.4 0.766 0 -0.6428
64.0614 0.5905 -23.3165 0.6944 0.2 0.9397 0 -0.342
68.1728 0.5905 0 0.75 0.2 1 0 -0
64.0614 0.4429 -23.3165 0.6944 0.4 0.9397 0 -0.342
68.1728 0.5905 0 0.75 0.2 1 0 -0
68.1728 0.4429 0 0.75 0.4 1 0 -0
64.0614 0.4429 -23.3165 0.6944 0.4 0.9397 0 -0.342
68.1728 0.7381 0 0.75 0 1 0 0
64.0615 0.7381 23.3165 0.8056 0 0.9397 0 0.342
68.1728 0.5905 0 0.75 0.2 1 0 -0
64.0615 0.7381 23.3165 0.8056 0 0.9397 0 0.342
64.0615 0.5905 23.3165 0.8056 0.2 0.9397 0 0.342
68.1728 0.5905 0 0.75 0.2 1 0 -0
64.0615 0.7381 23.3165 0.8056 0 0.9397 0 0.342
52.2234 0.7381 43.8206 0.8611 0 0.766 0 0.6428
64.0615 0.5905 23.3165 0.8056 0.2 0.9397 0 0.342
52.2234 0.7381 43.8206 0.8611 0 0.766 0 0.6428
52.2234 0.5905 43.8206 0.8611 0.2 0.766 0 0.6428
64.0615 0.5905 23.3165 0.8056 0.2 0.9397 0 0.342
52.2234 0.7381 43.8206 0.8611 0 0.766 0 0.6428
34.0864 0.7381 59.0394 0.9167 0 0.5 0 0.866
52.2234 0.5905 43.8206 0.8611 0.2 0.766 0 0.6428
34.0864 0.7381 59.0394 0.9167 0 0.5 0 0.866
34.0864 0.5905 59.0394 0.9167 0.2 0.5 0 0.866
52.2234 0.5905 43.8206 0.8611 0.2 0.766 0 0.6428
34.0864 0.7381 59.0394 0.9167 0 0.5 0 0.866
11.8381 0.7381 67.1371 0.9722 0 0.1736 0 0.9848
34.0864 0.5905 59.0394 0.9167 0.2 0.5 0 0.866
11.8381 0.7381 67.1371 0.9722 0 0.1736 0 0.9848
11.8381 0.5905 67.1371 0.9722 0.2 0.1736 0 0.9848
34.0864 0.5905 59.0394 0.9167 0.2 0.5 0 0.866
11.8381 0.7381 67.1371 -0.0278 0 0.1736 0 0.9848
-11.8381 0.7381 67.1371 0.0278 0 -0.1736 0 0.9848
11.8381 0.5905 67.1371 -0.0278 0.2 0.1736 0 0.9848
-11.8381 0.7381 67.1371 0.0278 0 -0.1736 0 0.9848
-11.8381 0.5905 67.1371 0.0278 0.2 -0.1736 0 0.9848
11.8381 0.5905 67.1371 -0.0278 0.2 0.1736 0 0.9848
-11.8381 0.7381 67.1371 0.0278 0 -0.1736 0 0.9848
-34.0864 0.7381 59.0394 0.0833 0 -0.5 0 0.866
-11.8381 0.5905 67.1371 0.0278 0.2 -0.1736 0 0.9848
-34.0864 0.7381 59.0394 0.0833 0 -0.5 0 0.866
-34.0864 0.5905 59.0394 0.0833 0.2 -0.5 0 0.866
-11.8381 0.5905 67.1371 0.0278 0.2 -0.1736 0 0.9848
-34.0864 0.7381 59.0394 0.0833 0 -0.5 0 0.866
-52.2234 0.7381 43.8206 0.1389 0 -0.766 0 0.6428
-34.0864 0.5905 59.0394 0.0833 0.2 -0.5 0 0.866
-52.2234 0.7381 43.8206 0.1389 0 -0.766 0 0.6428
-52.2234 0.5905 43.8206 0.1389 0.2 -0.766 0 0.6428
-34.0864 0.5905 59.0394 0.0833 0.2 -0.5 0 0.866
-52.2234 0.7381 43.8206 0.1389 0 -0.766 0 0.6428
-64.0615 0.7381 23.3165 0.1944 0 -0.9397 0 0.342
-52.2234 0.5905 43.8206 0.1389 0.2 -0.766 0 0.6428
-64.0615 0.7381 23.3165 0.1944 0 -0.9397 0 0.342
-64.0615 0.5905 23.3165 0.1944 0.2 -0.9397 0 0.342
-52.2234 0.5905 43.8206 0.1389 0.2 -0.766 0 0.6428
-64.0615 0.7381 23.3165 0.1944 0 -0.9397 0 0.342
-68.1728 0.7381 0 0.25 0 -1 0 -0
-64.0615 0.5905 23.3165 0.1944 0.2 -0.9397 0 0.342
-68.1728 0.7381 0 0.25 0 -1 0 -0
-68.1728 0.5905 0 0.25 0.2 -1 0 0
-64.0615 0.5905 23.3165 0.1944 0.2 -0.9397 0 0.342
-68.1728 0.7381 0 0.25 0 -1 0 -0
-64.0615 0.7381 -23.3165 0.3056 0 -0.9397 0 -0.342
-68.1728 0.5905 0 0.25 0.2 -1 0 0
-64.0615 0.7381 -23.3165 0.3056 0 -0.9397 0 -0.342
-64.0615 0.5905 -23.3165 0.3056 0.2 -0.9397 0 -0.342
-68.1728 0.5905 0 0.25 0.2 -1 0 0
-64.0615 0.7381 -23.3165 0.3056 0 -0.9397 0 -0.342
-52.2234 0.7381 -43.8206 0.3611 0 -0.766 0 -0.6428
-64.0615 0.5905 -23.3165 0.3056 0.2 -0.9397 0 -0.342
-52.2234 0.7381 -43.8206 0.3611 0 -0.766 0 -0.6428
-52.2234 0.5905 -43.8206 0.3611 0.2 -0.766 0 -0.6428
-64.0615 0.5905 -23.3165 0.3056 0.2 -0.9397 0 -0.342
-52.2234 0.7381 -43.8206 0.3611 0 -0.766 0 -0.6428
-34.0864 0.7381 -59.0393 0.4167 0 -0.5 0 -0.866
-52.2234 0.5905 -43.8206 0.3611 0.2 -0.766 0 -0.6428
-34.0864 0.7381 -59.0393 0.4167 0 -0.5 0 -0.866
-34.0864 0.5905 -59.0393 0.4167 0.2 -0.5 0 -0.866
-52.2234 0.5905 -43.8206 0.3611 0.2 -0.766 0 -0.6428
-34.0864 0.7381 -59.0393 0.4167 0 -0.5 0 -0.866
-11.8381 0.7381 -67.1371 0.4722 0 -0.1736 0 -0.9848
-34.0864 0.5905 -59.0393 0.4167 0.2 -0.5 0 -0.866
-11.8381 0.7381 -67.1371 0.4722 0 -0.1736 0 -0.9848
-11.8381 0.5905 -67.1371 0.4722 0.2 -0.1736 0 -0.9848
-34.0864 0.5905 -59.0393 0.4167 0.2 -0.5 0 -0.866
-11.8381 0.7381 -67.1371 0.4722 0 -0.1736 0 -0.9848
11.838 0.7381 -67.1371 0.5278 0 0.1736 0 -0.9848
-11.8381 0.5905 -67.1371 0.4722 0.2 -0.1736 0 -0.9848
11.838 0.7381 -67.1371 0.5278 0 0.1736 0 -0.9848
11.838 0.5905 -67.1371 0.5278 0.2 0.1736 0 -0.9848
-11.8381 0.5905 -67.1371 0.4722 0.2 -0.1736 0 -0.9848
11.838 0.7381 -67.1371 0.5278 0 0.1736 0 -0.9848
34.0864 0.7381 -59.0394 0.5833 0 0.5 0 -0.866
11.838 0.5905 -67.1371 0.5278 0.2 0.1736 0 -0.9848
34.0864 0.7381 -59.0394 0.5833 0 0.5 0 -0.866
34.0864 0.5905 -59.0394 0.5833 0.2 0.5 0 -0.866
11.838 0.5905 -67.1371 0.5278 0.2 0.1736 0 -0.9848
34.0864 0.7381 -59.0394 0.5833 0 0.5 0 -0.866
52.2234 0.7381 -43.8207 0.6389 0 0.766 0 -0.6428
34.0864 0.5905 -59.0394 0.5833 0.2 0.5 0 -0.866
52.2234 0.7381 -43.8207 0.6389 0 0.766 0 -0.6428
52.2234 0.5905 -43.8207 0.6389 0.2 0.766 0 -0.6428
34.0864 0.5905 -59.0394 0.5833 0.2 0.5 0 -0.866
52.2234 0.7381 -43.8207 0.6389 0 0.766 0 -0.6428
64.0614 0.7381 -23.3165 0.6944 0 0.9397 0 -0.342
52.2234 0.5905 -43.8207 0.6389 0.2 0.766 0 -0.6428
64.0614 0.7381 -23.3165 0.6944 0 0.9397 0 -0.342
64.0614 0.5905 -23.3165 0.6944 0.2 0.9397 0 -0.342
52.2234 0.5905 -43.8207 0.6389 0.2 0.766 0 -0.6428
64.0614 0.7381 -23.3165 0.6944 0 0.9397 0 -0.342
68.1728 0.7381 0 0.75 0 1 0 0
64.0614 0.5905 -23.3165 0.6944 0.2 0.9397 0 -0.342
68.1728 0.7381 0 0.75 0 1 0 0
68.1728 0.5905 0 0.75 0.2 1 0 -0
64.0614 0.5905 -23.3165 0.6944 0.2 0.9397 0 -0.342
64.0615 0.7381 23.3165 0.8056 0 0 1 0
68.1728 0.7381 0 0.75 0 0 1 0
0 0.7381 0 0.5 0 0 1 0
52.2234 0.7381 43.8206 0.8611 0 0 1 0
64.0615 0.7381 23.3165 0.8056 0 0 1 0
0 0.7381 0 0.5 0 0 1 0
34.0864 0.7381 59.0394 0.9167 0 0 1 0
52.2234 0.7381 43.8206 0.8611 0 0 1 0
0 0.7381 0 0.5 0 0 1 0
11.8381 0.7381 67.1371 0.9722 0 0 1 0
34.0864 0.7381 59.0394 0.9167 0 0 1 0
0 0.7381 0 0.5 0 0 1 0
-11.8381 0.7381 67.1371 0.0278 0 0 1 0
11.8381 0.7381 67.1371 -0.0278 0 0 1 0
0 0.7381 0 0.5 0 0 1 0
-34.0864 0.7381 59.0394 0.0833 0 0 1 0
-11.8381 0.7381 67.1371 0.0278 0 0 1 0
0 0.7381 0 0.5 0 0 1 0
-52.2234 0.7381 43.8206 0.1389 0 0 1 0
-34.0864 0.7381 59.0394 0.0833 0 0 1 0
0 0.7381 0 0.5 0 0 1 0
-64.0615 0.7381 23.3165 0.1944 0 0 1 0
-52.2234 0.7381 43.8206 0.1389 0 0 1 0
0 0.7381 0 0.5 0 0 1 0
-68.1728 0.7381 0 0.25 0 0 1 0
-64.0615 0.7381 23.3165 0.1944 0 0 1 0
0 0.7381 0 0.5 0 0 1 0
-64.0615 0.7381 -23.3165 0.3056 0 0 1 0
-68.1728 0.7381 0 0.25 0 0 1 0
0 0.7381 0 0.5 0 0 1 0
-52.2234 0.7381 -43.8206 0.3611 0 0 1 0
-64.0615 0.7381 -23.3165 0.3056 0 0 1 0
0 0.7381 0 0.5 0 0 1 0
-34.0864 0.7381 -59.0393 0.4167 0 0 1 0
-52.2234 0.7381 -43.8206 0.3611 0 0 1 0
0 0.7381 0 0.5 0 0 1 0
-11.8381 0.7381 -67.1371 0.4722 0 0 1 0
-34.0864 0.7381 -59.0393 0.4167 0 0 1 0
0 0.7381 0 0.5 0 0 1 0
11.838 0.7381 -67.1371 0.5278 0 0 1 0
-11.8381 0.7381 -67.1371 0.4722 0 0 1 0
0 0.7381 0 0.5 0 0 1 0
34.0864 0.7381 -59.0394 0.5833 0 0 1 0
11.838 0.7381 -67.1371 0.5278 0 0 1 0
0 0.7381 0 0.5 0 0 1 0
52.2234 0.7381 -43.8207 0.6389 0 0 1 0
34.0864 0.7381 -59.0394 0.5833 0 0 1 0
0 0.7381 0 0.5 0 0 1 0
64.0614 0.7381 -23.3165 0.6944 0 0 1 0
52.2234 0.7381 -43.8207 0.6389 0 0 1 0
0 0.7381 0 0.5 0 0 1 0
68.1728 0.7381 0 0.75 0 0 1 0
64.0614 0.7381 -23.3165 0.6944 0 0 1 0
0 0.7381 0 0.5 0 0 1 0
