Vertex Count: 240

Data:

27.1401 2.0268 47.008 0.5639 0.3111 0.4964 -0.0998 0.8623
21.6294 -32.9887 37.4628 0.5579 0.278 0.3901 -0.6256 0.6756
43.2583 -32.9887 -0.0001 0.5112 0.278 0.7801 -0.6256 -0
43.2583 -32.9887 -0.0001 0.5112 0.278 0.7801 -0.6256 -0
54.28 2.0268 -0.0001 0.5052 0.3111 0.9951 -0.0989 -0.0006
27.1401 2.0268 47.008 0.5639 0.3111 0.4964 -0.0998 0.8623
-27.1401 2.0268 47.0079 0.5052 0.3111 -0.4982 -0.0946 0.8619
-21.6294 -32.9887 37.4628 0.5112 0.278 -0.3901 -0.6256 0.6756
21.6294 -32.9887 37.4628 0.5579 0.278 0.3901 -0.6256 0.6756
21.6294 -32.9887 37.4628 0.5579 0.278 0.3901 -0.6256 0.6756
27.1401 2.0268 47.008 0.5639 0.3111 0.4964 -0.0998 0.8623
-27.1401 2.0268 47.0079 0.5052 0.3111 -0.4982 -0.0946 0.8619
-54.28 2.0268 -0.0001 0.5639 0.3111 -0.9958 -0.0913 -0.0013
-43.2583 -32.9887 -0.0001 0.5579 0.278 -0.7801 -0.6256 -0
-21.6294 -32.9887 37.4628 0.5112 0.278 -0.3901 -0.6256 0.6756
-21.6294 -32.9887 37.4628 0.5112 0.278 -0.3901 -0.6256 0.6756
-27.1401 2.0268 47.0079 0.5052 0.3111 -0.4982 -0.0946 0.8619
-54.28 2.0268 -0.0001 0.5639 0.3111 -0.9958 -0.0913 -0.0013
-27.1401 2.0269 -47.008 0.5052 0.3111 -0.4992 -0.091 -0.8617
-21.6294 -32.9887 -37.463 0.5112 0.278 -0.3901 -0.6256 -0.6756
-43.2583 -32.9887 -0.0001 0.5579 0.278 -0.7801 -0.6256 -0
-43.2583 -32.9887 -0.0001 0.5579 0.278 -0.7801 -0.6256 -0
-54.28 2.0268 -0.0001 0.5639 0.3111 -0.9958 -0.0913 -0.0013
-27.1401 2.0269 -47.008 0.5052 0.3111 -0.4992 -0.091 -0.8617
27.1401 2.0269 -47.008 0.5639 0.3111 0.4968 -0.094 -0.8628
21.6294 -32.9887 -37.463 0.5579 0.278 0.3901 -0.6256 -0.6756
-21.6294 -32.9887 -37.463 0.5112 0.278 -0.3901 -0.6256 -0.6756
-21.6294 -32.9887 -37.463 0.5112 0.278 -0.3901 -0.6256 -0.6756
-27.1401 2.0269 -47.008 0.5052 0.3111 -0.4992 -0.091 -0.8617
27.1401 2.0269 -47.008 0.5639 0.3111 0.4968 -0.094 -0.8628
54.28 2.0268 -0.0001 0.5052 0.3111 0.9951 -0.0989 -0.0006
43.2583 -32.9887 -0.0001 0.5112 0.278 0.7801 -0.6256 -0
21.6294 -32.9887 -37.463 0.5579 0.278 0.3901 -0.6256 -0.6756
21.6294 -32.9887 -37.463 0.5579 0.278 0.3901 -0.6256 -0.6756
27.1401 2.0269 -47.008 0.5639 0.3111 0.4968 -0.094 -0.8628
54.28 2.0268 -0.0001 0.5052 0.3111 0.9951 -0.0989 -0.0006
21.6294 -32.9887 37.4628 0.5579 0.278 0.3901 -0.6256 0.6756
0 -48.9723 -0.0001 0.5346 0.2646 0 -1 -0
43.2583 -32.9887 -0.0001 0.5112 0.278 0.7801 -0.6256 -0
-21.6294 -32.9887 37.4628 0.5112 0.278 -0.3901 -0.6256 0.6756
0 -48.9723 -0.0001 0.5346 0.2646 0 -1 -0
21.6294 -32.9887 37.4628 0.5579 0.278 0.3901 -0.6256 0.6756
-43.2583 -32.9887 -0.0001 0.5579 0.278 -0.7801 -0.6256 -0
0 -48.9723 -0.0001 0.5346 0.2646 0 -1 -0
-21.6294 -32.9887 37.4628 0.5112 0.278 -0.3901 -0.6256 0.6756
-21.6294 -32.9887 -37.463 0.5112 0.278 -0.3901 -0.6256 -0.6756
0 -48.9723 -0.0001 0.5346 0.2646 0 -1 -0
-43.2583 -32.9887 -0.0001 0.5579 0.278 -0.7801 -0.6256 -0
21.6294 -32.9887 -37.463 0.5579 0.278 0.3901 -0.6256 -0.6756
0 -48.9723 -0.0001 0.5346 0.2646 0 -1 -0
-21.6294 -32.9887 -37.463 0.5112 0.278 -0.3901 -0.6256 -0.6756
43.2583 -32.9887 -0.0001 0.5112 0.278 0.7801 -0.6256 -0
0 -48.9723 -0.0001 0.5346 0.2646 0 -1 -0
21.6294 -32.9887 -37.463 0.5579 0.278 0.3901 -0.6256 -0.6756
54.28 2.0268 -0.0001 0.5052 0.3111 0.9951 -0.0989 -0.0006
50.0356 46.0618 0.0001 0.5079 0.3519 0.9949 0.0982 0.0227
25.0181 48.9722 43.3322 0.5613 0.3519 0.5041 0.0915 0.8588
25.0181 48.9722 43.3322 0.5613 0.3519 0.5041 0.0915 0.8588
27.1401 2.0268 47.008 0.5639 0.3111 0.4964 -0.0998 0.8623
54.28 2.0268 -0.0001 0.5052 0.3111 0.9951 -0.0989 -0.0006
27.1401 2.0268 47.008 0.5639 0.3111 0.4964 -0.0998 0.8623
25.0181 48.9722 43.3322 0.5612 0.3519 0.5041 0.0915 0.8588
-25.0176 43.2279 43.3322 0.5078 0.3519 -0.4781 0.0993 0.8727
-25.0176 43.2279 43.3322 0.5078 0.3519 -0.4781 0.0993 0.8727
-27.1401 2.0268 47.0079 0.5052 0.3111 -0.4982 -0.0946 0.8619
27.1401 2.0268 47.008 0.5639 0.3111 0.4964 -0.0998 0.8623
-27.1401 2.0268 47.0079 0.5052 0.3111 -0.4982 -0.0946 0.8619
-25.0176 43.2279 43.3322 0.5079 0.3519 -0.4781 0.0993 0.8727
-50.0356 41.4452 0.0001 0.5613 0.3519 -0.9941 0.1059 0.0242
-50.0356 41.4452 0.0001 0.5613 0.3519 -0.9941 0.1059 0.0242
-54.28 2.0268 -0.0001 0.5639 0.3111 -0.9958 -0.0913 -0.0013
-27.1401 2.0268 47.0079 0.5052 0.3111 -0.4982 -0.0946 0.8619
27.1401 2.0269 -47.008 0.5639 0.3111 0.4968 -0.094 -0.8628
25.0181 41.4452 -43.3322 0.5612 0.3519 0.5069 0.1071 -0.8554
50.0356 46.0618 0.0001 0.5078 0.3519 0.9949 0.0982 0.0227
50.0356 46.0618 0.0001 0.5078 0.3519 0.9949 0.0982 0.0227
54.28 2.0268 -0.0001 0.5052 0.3111 0.9951 -0.0989 -0.0006
27.1401 2.0269 -47.008 0.5639 0.3111 0.4968 -0.094 -0.8628
-50.0356 41.4452 0.0001 0.5612 0.3519 -0.9941 0.1059 0.0242
-35.3455 37.5147 -25.4443 0.5299 0.3519 -0.8606 0.0976 -0.4998
-54.28 2.0268 -0.0001 0.5639 0.3111 -0.9958 -0.0913 -0.0013
-3.6724 41.4452 -43.3322 0.5307 0.3519 0 0.0928 -0.9957
27.1401 2.0269 -47.008 0.5639 0.3111 0.4968 -0.094 -0.8628
-27.1401 2.0269 -47.008 0.5052 0.3111 -0.4992 -0.091 -0.8617
-27.1401 2.0269 -47.008 0.5052 0.3111 -0.4992 -0.091 -0.8617
-26.1934 19.6138 -45.3681 0.5064 0.3293 -0.4958 0.1071 -0.8618
-3.6724 41.4452 -43.3322 0.5307 0.3519 0 0.0928 -0.9957
35.7407 -26.96 -0.0001 0.4296 0.0301 -0.7799 0.6259 -0
17.8706 -26.96 30.9523 0.4296 0.0301 -0.39 0.6259 -0.6754
22.3425 2.9214 38.6986 0.4267 0.0301 -0.4966 0.0905 -0.8632
22.3425 2.9214 38.6986 0.4267 0.0301 -0.4966 0.0905 -0.8632
44.6853 2.9215 -0.0001 0.4267 0.0301 -0.996 0.0897 0.0007
35.7407 -26.96 -0.0001 0.4296 0.0301 -0.7799 0.6259 -0
17.8706 -26.96 30.9523 0.4296 0.0301 -0.39 0.6259 -0.6754
-17.8706 -26.96 30.9523 0.4296 0.0301 0.39 0.6259 -0.6754
-22.3425 2.9214 38.6986 0.4267 0.0301 0.4987 0.0847 -0.8626
-22.3425 2.9214 38.6986 0.4267 0.0301 0.4987 0.0847 -0.8626
22.3425 2.9214 38.6986 0.4267 0.0301 -0.4966 0.0905 -0.8632
17.8706 -26.96 30.9523 0.4296 0.0301 -0.39 0.6259 -0.6754
-17.8706 -26.96 30.9523 0.4296 0.0301 0.39 0.6259 -0.6754
-35.7407 -26.96 -0.0001 0.4296 0.0301 0.7799 0.6259 0
-44.6853 2.9215 -0.0001 0.4267 0.0301 0.9972 0.0747 0.0067
-44.6853 2.9215 -0.0001 0.4267 0.0301 0.9972 0.0747 0.0067
-22.3425 2.9214 38.6986 0.4267 0.0301 0.4987 0.0847 -0.8626
-17.8706 -26.96 30.9523 0.4296 0.0301 0.39 0.6259 -0.6754
-35.7407 -26.96 -0.0001 0.4296 0.0301 0.7799 0.6259 0
-17.8706 -26.9599 -30.9525 0.4296 0.0301 0.39 0.6259 0.6754
-22.3425 2.9215 -38.6987 0.4267 0.0301 0.5007 0.0695 0.8628
-22.3425 2.9215 -38.6987 0.4267 0.0301 0.5007 0.0695 0.8628
-44.6853 2.9215 -0.0001 0.4267 0.0301 0.9972 0.0747 0.0067
-35.7407 -26.96 -0.0001 0.4296 0.0301 0.7799 0.6259 0
-17.8706 -26.9599 -30.9525 0.4296 0.0301 0.39 0.6259 0.6754
17.8706 -26.9599 -30.9525 0.4296 0.0301 -0.39 0.6259 0.6754
22.3425 2.9215 -38.6987 0.4267 0.0301 -0.4931 0.0783 0.8664
22.3425 2.9215 -38.6987 0.4267 0.0301 -0.4931 0.0783 0.8664
-22.3425 2.9215 -38.6987 0.4267 0.0301 0.5007 0.0695 0.8628
-17.8706 -26.9599 -30.9525 0.4296 0.0301 0.39 0.6259 0.6754
17.8706 -26.9599 -30.9525 0.4296 0.0301 -0.39 0.6259 0.6754
35.7407 -26.96 -0.0001 0.4296 0.0301 -0.7799 0.6259 -0
44.6853 2.9215 -0.0001 0.4267 0.0301 -0.996 0.0897 0.0007
44.6853 2.9215 -0.0001 0.4267 0.0301 -0.996 0.0897 0.0007
22.3425 2.9215 -38.6987 0.4267 0.0301 -0.4931 0.0783 0.8664
17.8706 -26.9599 -30.9525 0.4296 0.0301 -0.39 0.6259 0.6754
35.7407 -26.96 -0.0001 0.4296 0.0301 -0.7799 0.6259 -0
0 -39.3358 -0.0001 0.4132 0.0301 0 1 0
17.8706 -26.96 30.9523 0.4296 0.0301 -0.39 0.6259 -0.6754
17.8706 -26.96 30.9523 0.4296 0.0301 -0.39 0.6259 -0.6754
0 -39.3358 -0.0001 0.416 0.0301 0 1 0
-17.8706 -26.96 30.9523 0.4296 0.0301 0.39 0.6259 -0.6754
-17.8706 -26.96 30.9523 0.4296 0.0301 0.39 0.6259 -0.6754
0 -39.3358 -0.0001 0.413 0.0301 0 1 0
-35.7407 -26.96 -0.0001 0.4296 0.0301 0.7799 0.6259 0
-35.7407 -26.96 -0.0001 0.4296 0.0301 0.7799 0.6259 0
0 -39.3358 -0.0001 0.4129 0.0301 0 1 0
-17.8706 -26.9599 -30.9525 0.4296 0.0301 0.39 0.6259 0.6754
-17.8706 -26.9599 -30.9525 0.4296 0.0301 0.39 0.6259 0.6754
0 -39.3358 -0.0001 0.4159 0.0301 0 1 0
17.8706 -26.9599 -30.9525 0.4296 0.0301 -0.39 0.6259 0.6754
17.8706 -26.9599 -30.9525 0.4296 0.0301 -0.39 0.6259 0.6754
0 -39.3358 -0.0001 0.4131 0.0301 0 1 0
35.7407 -26.96 -0.0001 0.4296 0.0301 -0.7799 0.6259 -0
20.2273 47.1018 35.0349 0.4632 0.0301 -0.5054 -0.0971 -0.8574
40.4546 44.1914 0.0001 0.4632 0.0301 -0.9941 -0.1048 -0.0275
44.6853 2.9215 -0.0001 0.4267 0.0301 -0.996 0.0897 0.0007
44.6853 2.9215 -0.0001 0.4267 0.0301 -0.996 0.0897 0.0007
22.3425 2.9214 38.6986 0.4267 0.0301 -0.4966 0.0905 -0.8632
20.2273 47.1018 35.0349 0.4632 0.0301 -0.5054 -0.0971 -0.8574
-20.2273 41.3575 35.0349 0.4632 0.0301 0.4739 -0.1053 -0.8743
20.2273 47.1018 35.0349 0.4632 0.0301 -0.5054 -0.0971 -0.8574
22.3425 2.9214 38.6986 0.4267 0.0301 -0.4966 0.0905 -0.8632
22.3425 2.9214 38.6986 0.4267 0.0301 -0.4966 0.0905 -0.8632
-22.3425 2.9214 38.6986 0.4267 0.0301 0.4987 0.0847 -0.8626
-20.2273 41.3575 35.0349 0.4632 0.0301 0.4739 -0.1053 -0.8743
-40.4546 39.5748 0.0001 0.4632 0.0301 0.9936 -0.1132 -0.0029
-20.2273 41.3575 35.0349 0.4632 0.0301 0.4739 -0.1053 -0.8743
-22.3425 2.9214 38.6986 0.4267 0.0301 0.4987 0.0847 -0.8626
-22.3425 2.9214 38.6986 0.4267 0.0301 0.4987 0.0847 -0.8626
-44.6853 2.9215 -0.0001 0.4267 0.0301 0.9972 0.0747 0.0067
-40.4546 39.5748 0.0001 0.4632 0.0301 0.9936 -0.1132 -0.0029
40.4546 44.1914 0.0001 0.4632 0.0301 -0.9941 -0.1048 -0.0275
20.2273 39.5748 -35.0347 0.4632 0.0301 -0.4843 -0.1147 0.8674
22.3425 2.9215 -38.6987 0.4267 0.0301 -0.4931 0.0783 0.8664
22.3425 2.9215 -38.6987 0.4267 0.0301 -0.4931 0.0783 0.8664
44.6853 2.9215 -0.0001 0.4267 0.0301 -0.996 0.0897 0.0007
40.4546 44.1914 0.0001 0.4632 0.0301 -0.9941 -0.1048 -0.0275
-27.0361 35.7812 -20.6469 0.4632 0.0301 0.8593 -0.1153 0.4983
-44.6853 2.9215 -0.0001 0.4267 0.0301 0.9972 0.0747 0.0067
-22.3425 2.9215 -38.6987 0.4267 0.0301 0.5007 0.0695 0.8628
-22.3425 2.9215 -38.6987 0.4267 0.0301 0.5007 0.0695 0.8628
-21.3872 23.8288 -37.0796 0.4632 0.0301 0.4891 -0.0895 0.8676
-27.0361 35.7812 -20.6469 0.4632 0.0301 0.8593 -0.1153 0.4983
-3.6724 39.7117 -33.7374 0.4632 0.0301 0.0022 -0.1094 0.994
22.3425 2.9215 -38.6987 0.4267 0.0301 -0.4931 0.0783 0.8664
20.2273 39.5748 -35.0347 0.4632 0.0301 -0.4843 -0.1147 0.8674
20.2273 47.1018 35.0349 0.3043 0.00760001 -0.1392 0.9797 -0.1441
25.0181 48.9722 43.3322 0.3043 0.00760001 -0.1342 0.9788 -0.1545
50.0356 46.0618 0.0001 0.3043 0.00760001 -0.186 0.9785 -0.0893
50.0356 46.0618 0.0001 0.3043 0.00760001 -0.186 0.9785 -0.0893
40.4546 44.1914 0.0001 0.3043 0.00760001 -0.1956 0.9766 -0.0891
20.2273 47.1018 35.0349 0.3043 0.00760001 -0.1392 0.9797 -0.1441
-20.2273 41.3575 35.0349 0.3043 0.00760001 0.0195 0.9791 -0.2023
-25.0176 43.2279 43.3322 0.3043 0.00760001 0.021 0.9771 -0.2117
25.0181 48.9722 43.3322 0.3043 0.00760001 -0.1342 0.9788 -0.1545
25.0181 48.9722 43.3322 0.3043 0.00760001 -0.1342 0.9788 -0.1545
20.2273 47.1018 35.0349 0.3043 0.00760001 -0.1392 0.9797 -0.1441
-20.2273 41.3575 35.0349 0.3043 0.00760001 0.0195 0.9791 -0.2023
-40.4546 39.5748 0.0001 0.3043 0.00760001 0.1888 0.9768 -0.101
-50.0356 41.4452 0.0001 0.3043 0.00760001 0.1946 0.9759 -0.0987
-25.0176 43.2279 43.3322 0.3043 0.00760001 0.021 0.9771 -0.2117
-25.0176 43.2279 43.3322 0.3043 0.00760001 0.021 0.9771 -0.2117
-20.2273 41.3575 35.0349 0.3043 0.00760001 0.0195 0.9791 -0.2023
-40.4546 39.5748 0.0001 0.3043 0.00760001 0.1888 0.9768 -0.101
40.4546 44.1914 0.0001 0.3043 0.00760001 -0.1956 0.9766 -0.0891
50.0356 46.0618 0.0001 0.3043 0.00760001 -0.186 0.9785 -0.0893
25.0181 41.4452 -43.3322 0.3043 0.00760001 -0.1424 0.9813 0.1299
25.0181 41.4452 -43.3322 0.3043 0.00760001 -0.1424 0.9813 0.1299
20.2273 39.5748 -35.0347 0.3043 0.00760001 -0.1455 0.9805 0.132
40.4546 44.1914 0.0001 0.3043 0.00760001 -0.1956 0.9766 -0.0891
-27.0361 35.7812 -20.6469 0.3043 0.00760001 0.2133 0.9765 -0.0303
-35.3455 37.5147 -25.4443 0.3043 0.00760001 0.2179 0.9756 -0.0249
-50.0356 41.4452 0.0001 0.3043 0.00760001 0.1946 0.9759 -0.0987
-50.0356 41.4452 0.0001 0.3043 0.00760001 0.1946 0.9759 -0.0987
-40.4546 39.5748 0.0001 0.3043 0.00760001 0.1888 0.9768 -0.101
-27.0361 35.7812 -20.6469 0.3043 0.00760001 0.2133 0.9765 -0.0303
-21.3872 23.8288 -37.0796 0.3043 0.00760001 0.2905 0.7743 -0.5622
-26.1934 19.6138 -45.3681 0.3043 0.00760001 0.2905 0.7743 -0.5622
-35.3455 37.5147 -25.4443 0.3043 0.00760001 0.2905 0.7743 -0.5622
-35.3455 37.5147 -25.4443 0.3043 0.00760001 0.418 0.797 -0.436
-27.0361 35.7812 -20.6469 0.3043 0.00760001 0.418 0.797 -0.436
-21.3872 23.8288 -37.0796 0.3043 0.00760001 0.418 0.797 -0.436
20.2273 39.5748 -35.0347 0.3043 0.00760001 -0.1455 0.9805 0.132
25.0181 41.4452 -43.3322 0.3043 0.00760001 -0.1424 0.9813 0.1299
-3.6724 41.4452 -43.3322 0.3043 0.00760001 -0.3626 0.9161 0.1708
-3.6724 41.4452 -43.3322 0.3043 0.00760001 -0.3626 0.9161 0.1708
-3.6724 39.7117 -33.7374 0.3043 0.00760001 -0.3705 0.9157 0.1554
20.2273 39.5748 -35.0347 0.3043 0.00760001 -0.1455 0.9805 0.132
-3.6724 39.7117 -33.7374 0.3043 0.00760001 -0.3705 0.9157 0.1554
-3.6724 41.4452 -43.3322 0.3043 0.00760001 -0.3626 0.9161 0.1708
-26.1934 19.6138 -45.3681 0.3043 0.00760001 -0.6797 0.7316 0.0519
-26.1934 19.6138 -45.3681 0.3043 0.00760001 -0.6797 0.7316 0.0519
-21.3872 23.8288 -37.0796 0.3043 0.00760001 -0.6685 0.7436 0.0095
-3.6724 39.7117 -33.7374 0.3043 0.00760001 -0.3705 0.9157 0.1554
-35.3455 37.5147 -25.4443 0.5299 0.3519 -0.8606 0.0976 -0.4998
-26.1934 19.6138 -45.3681 0.5064 0.3293 -0.4958 0.1071 -0.8618
-27.1401 2.0269 -47.008 0.5052 0.3111 -0.4992 -0.091 -0.8617
-27.1401 2.0269 -47.008 0.5052 0.3111 -0.4992 -0.091 -0.8617
-54.28 2.0268 -0.0001 0.5639 0.3111 -0.9958 -0.0913 -0.0013
-35.3455 37.5147 -25.4443 0.5299 0.3519 -0.8606 0.0976 -0.4998
-3.6724 41.4452 -43.3322 0.5307 0.3519 0 0.0928 -0.9957
25.0181 41.4452 -43.3322 0.5613 0.3519 0.5069 0.1071 -0.8554
27.1401 2.0269 -47.008 0.5639 0.3111 0.4968 -0.094 -0.8628
-27.0361 35.7812 -20.6469 0.4632 0.0301 0.8593 -0.1153 0.4983
-40.4546 39.5748 0.0001 0.4632 0.0301 0.9936 -0.1132 -0.0029
-44.6853 2.9215 -0.0001 0.4267 0.0301 0.9972 0.0747 0.0067
-3.6724 39.7117 -33.7374 0.4632 0.0301 0.0022 -0.1094 0.994
-21.3872 23.8288 -37.0796 0.4632 0.0301 0.4891 -0.0895 0.8676
-22.3425 2.9215 -38.6987 0.4267 0.0301 0.5007 0.0695 0.8628
-22.3425 2.9215 -38.6987 0.4267 0.0301 0.5007 0.0695 0.8628
22.3425 2.9215 -38.6987 0.4267 0.0301 -0.4931 0.0783 0.8664
-3.6724 39.7117 -33.7374 0.4632 0.0301 0.0022 -0.1094 0.994
